3900.893 415.575
1214.248 865.267
5979.846 881.784
5780.728 1186.123
2979.181 1199.339
958.214 1321.920
362.278 1267.036
5478.706 1372.100
3604.885 1428.918
1927.120 1422.221
927.810 1457.891
521.729 1788.021
795.853 378.919
1110.994 449.113
5595.004 597.918
2416.649 648.279
6208.232 794.755
4612.986 738.882
4035.085 996.440
3782.830 1139.907
5647.021 1412.011
1593.892 1655.713
5847.333 1724.117
299.729 1751.879
5588.208 482.050
4933.034 512.269
4754.232 499.150
4659.046 500.399
96.920 565.613
343.506 715.499
5323.555 747.164
2598.835 804.803
359.366 792.076
5657.533 963.250
364.258 1070.698
3686.256 1107.583
966.455 1134.953
2668.478 1279.113
15.310 1262.602
6112.985 1676.379
3478.109 1688.927
2898.988 1618.957
1535.161 1651.554
5229.109 1839.890
2065.866 121.861
4323.229 253.439
5786.653 293.565
1099.547 331.207
6158.016 943.260
3049.143 1377.171
5282.633 1579.359
3203.651 1672.597
1594.692 1621.036
555.275 1766.627
6001.491 1946.377
2532.514 97.696
3204.491 177.503
5257.977 504.089
3806.082 578.130
4739.949 781.275
3191.052 881.094
2606.472 889.759
1519.928 1087.038
1215.449 1220.309
698.118 1253.930
250.688 1246.227
3368.960 1471.475
1721.946 1656.473
4257.658 1822.752
2863.208 1907.650
6035.160 274.898
3451.505 854.907
1496.284 827.651
919.529 905.573
2531.867 1193.728
4581.448 1226.012
4478.129 1571.787
6068.771 1581.572
2291.906 1599.252
1505.576 140.192
384.791 94.414
2491.798 268.415
236.950 374.372
4963.235 430.454
3508.036 461.650
513.118 555.807
3812.544 694.576
4746.052 784.339
1987.161 927.979
5759.318 1063.740
1744.069 995.655
6167.561 1150.962
5963.321 1098.615
5757.642 1148.690
5484.474 1183.141
2792.512 1614.665
6194.280 2154.094
4418.575 221.053
788.245 376.733
2911.805 617.628
2911.311 559.368
1548.129 695.269
2569.979 970.128
5822.586 1014.630
5713.178 1058.677
4710.278 1365.703
5782.389 1475.217
5458.698 1530.062
3313.577 1489.298
3903.703 1646.842
1235.240 1716.433
3961.735 1873.004
4643.841 397.297
3976.724 1546.263
6088.760 1629.102
175.079 2024.298
4957.991 297.656
372.338 318.058
1098.794 517.932
2180.309 644.429
4342.542 772.495
1784.627 1082.532
2144.620 1648.109
884.353 1767.577
3783.207 45.934
3439.125 495.384
4877.650 1047.992
4620.115 1168.472
2714.648 1315.990
3784.549 1720.900
3416.013 2006.018
3294.329 2149.239
2140.248 2133.505
4954.873 2230.518
3387.589 41.187
4176.878 174.016
1527.846 450.186
1801.968 1093.282
5203.263 1273.152
3921.584 1303.525
2912.523 1553.240
5685.496 1613.366
2704.600 1692.242
1556.414 1652.753
3350.095 1893.791
5480.154 2275.081
4588.817 232.124
3664.931 175.910
3357.405 438.766
2825.618 605.369
5905.319 724.681
3943.983 780.544
1194.440 821.666
66.853 1426.518
3272.143 1807.720
1341.825 1732.803
4299.023 1957.256
5086.331 135.658
1444.825 360.723
19.847 923.950
3034.346 1127.825
2433.525 1191.703
2485.438 1382.354
3241.124 1542.368
1830.519 1682.376
5600.581 1871.139
4204.612 1947.801
1971.200 2151.548
3436.124 2266.186
2909.893 2256.399
5676.327 593.058
3156.822 920.441
2336.325 986.762
1738.264 1129.316
2904.047 1342.164
6042.298 7.421
5932.842 215.104
2188.049 221.652
1307.380 503.293
1533.878 661.163
6214.542 856.031
5388.999 958.955
4343.594 1123.099
1432.505 1514.267
3362.769 1787.896
1162.490 2049.672
1849.375 116.208
791.650 128.931
2705.690 182.489
1143.506 157.783
2870.835 1022.444
5719.744 1172.085
4569.912 1400.656
1086.487 1534.478
4856.445 1636.001
3491.201 1596.758
5071.689 1777.489
4291.368 1952.037
1795.652 2304.574
5409.926 275.694
5208.218 331.158
1655.931 435.644
2473.486 835.611
5311.114 1301.802
4765.843 1415.980
976.455 1390.892
150.795 1503.508
5678.275 2020.151
4859.831 1960.107
553.539 2241.691
3662.672 117.889
4905.425 268.462
3007.195 331.941
1809.836 354.671
6204.236 953.184
4019.845 1231.764
363.484 1285.760
5919.973 1372.653
4418.919 1577.408
2680.828 1951.051
2756.610 2139.461
235.801 2113.989
985.181 2348.249
4289.215 69.452
1089.585 74.319
2569.764 346.014
5769.893 861.389
4475.383 1098.669
4251.106 1306.974
4361.425 1571.409
5492.015 1586.994
3296.446 1699.323
2975.434 2025.244
4084.924 228.368
4926.720 329.905
2552.131 336.073
2406.431 272.052
1623.764 546.259
221.138 950.962
4078.678 1339.728
5817.311 1504.165
1651.686 1711.644
310.658 1765.860
4298.328 1979.270
1661.969 210.371
4763.070 340.245
2318.328 319.343
2654.824 661.442
4530.096 953.811
5063.145 1241.158
4157.119 1237.648
3622.602 1374.110
5659.994 1663.823
3401.620 2407.701
5532.713 187.842
4535.598 277.067
3997.521 533.551
835.668 569.005
3681.039 1057.660
5381.287 1540.731
35.539 1556.532
5549.117 2418.429
701.345 102.126
4571.637 269.028
1426.375 405.566
1010.836 464.461
4238.490 514.916
1142.373 570.442
4332.315 1062.648
4582.118 1104.667
280.254 1143.840
3579.693 1493.156
6133.670 1916.817
5617.867 1889.487
4813.709 1973.558
484.305 2072.157
2889.365 2075.435
2825.131 2223.612
360.405 2627.703
5101.797 160.016
4566.002 150.583
3760.442 772.396
1810.844 1059.728
4216.606 1372.957
2045.029 1585.554
4548.577 1919.713
1112.361 835.580
2494.378 900.017
3942.040 1021.714
607.224 1281.628
1665.752 1776.316
779.570 1725.189
4864.460 2314.098
4616.859 2373.002
6247.475 398.027
5911.001 714.566
5966.829 1025.734
6263.152 1453.845
6147.380 1579.549
4652.169 1598.203
1222.378 1739.218
608.708 1785.541
42.378 1752.329
6207.569 2597.746
3156.760 2610.560
1316.645 2653.244
970.016 58.230
3804.883 430.722
3487.815 452.481
2459.426 421.311
4619.395 2564.116
962.803 2616.409
5100.860 1848.364
2832.659 1922.805
4023.392 2188.306
3906.924 2239.025
1594.715 2776.041
5782.065 2778.794
3674.467 2843.109
5412.224 3422.706
2225.572 2174.094
2311.550 2730.144
5273.729 2963.021
5456.745 3100.495
3327.490 3265.335
1395.473 3324.503
3222.565 3716.652
927.829 3656.575
100.258 3712.627
31.088 3666.489
6192.026 3940.877
4632.010 1817.796
1846.913 1970.707
5415.308 2152.056
551.608 2168.850
2797.953 2203.125
730.352 2213.236
152.862 2297.341
5498.257 2350.173
5117.667 2432.132
944.229 2451.054
755.128 2482.553
393.014 2500.254
4639.485 2840.478
4558.603 3019.519
3229.403 3522.012
5388.058 3788.369
4198.805 3792.858
781.979 1999.998
5071.108 2378.312
863.979 2547.102
2206.929 2867.940
6133.080 2902.206
3974.206 2972.469
1175.859 3076.426
3950.527 3382.757
5201.402 3603.849
3826.927 3744.862
3569.866 3961.421
200.064 1992.413
2230.502 2159.131
5053.638 2266.186
3076.548 2193.160
1658.997 2480.914
2127.089 2549.014
6130.549 2887.768
1894.883 2915.464
2560.488 3163.380
1302.337 3392.883
712.099 3776.763
2899.132 3982.240
6123.932 4003.052
5150.374 4288.229
5595.309 2034.233
1838.464 2217.948
6213.626 2345.369
5929.202 2289.612
5337.928 2321.397
3693.166 2383.522
173.093 2515.632
5012.598 2816.154
1546.136 2840.167
3923.396 2914.506
426.560 3091.978
1630.510 3368.165
4456.175 3468.888
5426.567 3539.938
1536.132 3636.921
5952.614 3729.563
5479.493 3836.221
5520.422 4014.452
1817.223 4096.208
5048.581 4153.525
3867.860 4314.405
116.955 2330.007
6274.015 2482.537
2675.926 2620.994
932.781 2623.819
5765.235 2843.282
5724.238 2799.938
626.947 3029.790
4578.438 3113.509
3376.727 3095.848
4171.603 3645.231
4097.007 3849.154
5162.699 3925.482
4935.144 4045.397
852.483 4186.968
5229.341 4243.721
1505.786 4267.617
3586.445 4364.057
2629.139 4414.789
6065.275 2428.229
1282.493 2573.912
283.975 2595.604
2202.552 3354.613
3259.120 3383.213
5514.470 3492.023
4999.435 3600.556
2872.616 3544.290
377.980 3710.617
3298.274 3958.774
2119.944 3938.941
1797.845 4051.352
5606.515 4259.838
2445.415 4259.498
1966.244 4240.227
1423.088 2519.578
165.497 2796.826
4022.650 2932.160
1433.490 3512.729
683.645 3855.790
122.375 3790.448
398.386 4020.202
3032.973 2554.217
3120.804 2814.790
9.673 2869.323
6156.723 3063.467
1302.434 3117.189
4546.181 3309.876
3701.673 3565.093
2802.331 3784.174
1902.284 3750.096
4927.667 3919.580
2036.663 3948.202
2787.765 4016.569
2060.410 4296.582
2813.911 4401.207
5600.035 2537.209
301.457 2918.462
1227.917 2946.238
589.492 2958.976
6128.292 3067.536
2984.906 3137.407
2800.126 3218.305
5815.835 3589.977
5833.156 3868.967
4264.615 3896.567
3812.491 3895.609
684.001 4245.669
468.390 2382.775
1605.483 3264.536
4287.291 3326.250
2093.314 3324.789
4248.562 3460.609
3140.565 3419.248
1124.398 3403.069
111.613 3633.400
1980.006 3911.448
3117.314 4477.386
2600.263 4501.048
2990.619 2755.834
1932.848 3164.611
5447.159 3272.113
2077.423 3307.763
4951.649 3592.922
3252.809 3799.945
711.988 3984.260
593.198 4016.807
6057.369 4399.105
3800.688 2498.861
3461.322 2515.682
3087.694 2504.954
4430.325 2570.724
4380.570 2980.614
882.661 2977.607
4556.199 3496.469
3935.182 3692.140
1105.055 3665.283
4618.191 3802.671
3664.056 4168.707
3010.330 4268.459
4604.824 4421.007
5444.472 2715.275
3741.668 2998.727
1844.883 3623.724
2607.775 4443.570
88.444 4581.267
2781.568 2424.174
1871.662 2408.566
158.732 2326.796
2130.831 2472.869
2471.824 2605.085
5894.202 2652.724
5360.491 2848.865
5613.639 3068.537
3250.700 3046.051
1820.402 3134.472
1431.638 3037.764
1236.911 3073.128
5267.669 3443.328
3360.417 3447.524
4345.477 3584.511
6209.230 3814.795
1645.627 4367.067
425.281 2384.167
3083.973 2564.388
3019.051 2556.716
473.526 2584.978
1818.967 3116.072
5452.418 3246.123
3534.960 3144.898
4096.357 3308.440
4199.849 3449.774
2280.343 3847.555
2280.894 4209.020
3766.031 4324.304
5416.180 4382.442
4065.555 4464.789
2600.044 4623.843
3144.181 3283.878
4654.211 3557.722
1632.637 3652.810
3620.335 3891.286
4803.875 4145.139
3928.894 4223.102
66.918 4306.657
3996.624 4418.012
6094.471 4503.648
3200.607 4547.542
5283.628 2233.630
3540.059 2448.914
4651.787 2789.937
3457.795 2809.737
5543.200 2955.135
400.040 3025.165
4787.208 3162.799
3730.475 3299.930
5648.807 3689.590
4323.122 3696.102
1904.740 3732.678
143.121 3679.032
4192.980 3789.732
3251.720 4447.637
2967.267 4601.623
2833.352 4624.196
5027.862 2566.676
4680.340 2733.308
2909.812 2683.031
4821.879 2792.189
2798.498 2863.510
3168.779 3308.983
163.539 3447.072
1078.952 3713.599
1649.832 4194.618
3727.348 4316.665
772.263 4270.449
4359.326 4360.736
6019.784 4599.766
687.665 4637.164
3824.474 2711.286
3968.150 2964.666
1111.555 3003.574
1060.995 2940.636
3132.733 3087.199
223.002 3223.196
4591.560 3313.951
2956.617 3484.151
3419.845 3909.140
2395.409 4161.033
332.664 4224.252
2544.039 4685.346
309.659 4635.691
5914.353 2780.216
3466.195 2847.812
4105.404 3191.345
1307.772 3192.759
188.020 3517.352
112.174 4023.308
4529.949 4117.167
190.145 4184.661
3553.491 4322.607
4833.265 4335.403
5973.649 4549.974
5437.830 2621.982
2990.714 2755.843
446.867 2755.997
6091.488 2860.421
2833.286 2796.468
3636.204 2938.054
5542.084 3173.986
4513.024 3284.724
2607.973 3500.638
3978.895 3994.882
4980.677 4133.468
4622.286 4138.129
4394.482 4408.923
677.150 4687.559
6136.573 4802.190
5504.209 4697.298
188.195 2820.284
5152.256 3029.275
947.522 3060.464
5756.884 3371.071
2507.407 3625.003
1569.289 3977.658
1280.874 3929.174
2065.450 4026.923
3687.578 4747.985
1524.000 2540.876
5452.344 2811.895
3992.920 3070.985
3585.739 3050.238
6177.733 3215.156
2570.994 3199.571
235.020 3192.347
3372.263 3366.197
3246.882 3562.220
313.902 3782.002
4733.108 3916.770
4206.317 3886.050
5606.844 3975.275
5939.033 4237.472
3411.888 4328.458
1537.784 4296.134
5163.118 4343.201
5775.620 4695.679
1414.856 4906.719
4069.173 4973.936
3137.826 3087.305
2598.886 3224.636
1903.778 3318.353
5196.128 3392.156
4093.696 3540.030
2419.123 3710.432
1739.164 3747.023
5211.153 3761.189
4344.078 3805.055
4337.595 3905.625
1083.545 3882.027
4190.237 4202.313
816.291 4312.040
5878.412 4380.334
2032.695 4384.801
5540.589 4678.559
3947.317 4745.101
1043.830 4936.479
3098.861 5009.568
877.302 2327.603
2840.096 2538.539
1587.132 2642.844
3605.742 2833.050
1388.045 3070.014
5582.748 3298.595
2928.015 3375.057
5432.472 3401.261
4096.641 3618.130
4769.107 3776.526
3215.768 4177.470
3065.375 4234.455
3456.333 4715.394
3726.512 5187.112
3137.624 2673.907
5363.763 3008.442
3436.989 2911.494
4302.935 4700.527
1423.725 4797.890
645.411 4941.425
4747.515 5257.223
2838.018 5267.096
3371.454 4314.501
177.923 4285.550
1821.197 4629.230
4371.458 4752.841
1432.798 4798.151
3334.972 5117.716
5030.577 5213.608
3807.847 5260.655
3674.262 5273.814
2177.760 5421.118
3207.713 5472.350
779.022 5548.585
126.083 5495.380
4293.436 5886.363
358.870 5853.319
3409.689 4205.039
1520.355 4231.478
4628.250 4444.781
2650.591 4538.810
6145.460 4576.309
3235.584 4689.700
1441.703 4800.049
3450.957 4864.117
1787.924 4908.746
1394.995 4851.140
1522.347 5029.211
3211.664 5161.483
3938.680 5226.084
4135.341 5377.575
1291.152 5534.653
5221.571 6105.981
6070.837 4679.585
3099.998 4622.510
3942.155 4744.717
4493.693 4915.802
3997.911 5162.120
2346.419 5452.754
1764.717 5485.050
4136.267 5690.583
4896.177 6177.804
2941.246 4282.052
441.441 4265.831
515.695 4529.905
547.641 4602.646
4378.077 4767.471
5101.546 4915.016
3501.570 5004.668
1874.731 4985.966
539.195 5007.520
2528.943 5118.527
3114.617 5246.301
1781.265 5299.244
2266.882 5536.491
3638.155 5868.323
3968.530 5958.247
2046.122 5995.812
5648.041 6017.500
5867.861 5380.982
5730.191 5665.643
1629.588 5774.371
783.040 5860.312
3214.359 5933.619
2102.492 6191.320
1215.665 4877.043
3391.901 5128.189
3384.228 5178.883
2382.702 5411.546
2941.486 5516.312
57.780 5731.228
460.943 6134.538
4191.340 6195.452
90.051 6175.120
4997.138 4659.442
3089.833 4591.974
3586.210 5452.556
2265.087 5566.046
5776.511 5695.305
3739.441 5823.153
477.494 5857.962
3652.230 6133.771
983.881 6214.289
2520.239 5237.242
4069.577 5544.172
3051.349 5747.623
2761.375 5726.468
5364.713 5792.811
655.782 4738.482
1778.608 4925.985
5370.285 4971.527
1994.943 5067.698
182.610 4975.165
2499.369 5329.144
4310.147 5535.188
429.546 6065.442
1102.273 6194.935
1835.077 4608.241
1535.056 4879.312
4647.831 4982.140
6106.402 5225.614
2210.969 5259.639
1768.218 5303.991
375.873 5400.277
4057.757 5496.206
3919.287 5781.657
2075.591 5824.224
565.511 5913.094
874.735 6118.522
2061.606 4783.549
4049.477 4962.190
3151.390 5041.987
5824.443 5097.059
3484.070 6016.140
2701.852 6032.039
2534.078 6241.909
1047.059 5415.813
5604.662 5456.642
4576.327 5442.412
4097.560 5600.717
1392.030 5625.623
104.136 5739.008
6097.970 5914.954
4787.673 5959.578
4046.406 5942.723
2662.947 6126.648
2767.771 4173.657
2439.985 4195.950
1081.961 4186.602
6051.798 4306.315
1610.163 4248.639
1593.254 4351.621
4968.509 4464.268
2543.703 4525.631
785.300 4483.772
691.741 4595.969
2616.332 4999.045
1400.874 5088.072
2523.564 6145.440
1752.083 4791.676
6251.574 4899.363
4753.706 5145.129
3346.516 5191.428
1206.851 5266.285
1916.954 5376.814
4626.413 5450.308
698.211 5470.712
722.335 4531.976
1890.997 4800.850
3064.187 5125.550
5789.324 5223.348
4854.916 5472.377
1819.638 5861.459
1315.650 5897.582
51.576 4959.128
4077.884 5645.455
5164.217 5760.923
810.974 5690.282
3561.815 6048.374
2207.472 5266.750
2966.169 5435.644
5377.583 5624.071
6150.677 5797.008
3515.892 5815.874
1316.900 5857.270
3693.725 6087.238
2140.163 6097.502
4839.401 6187.574
2132.216 4514.886
4694.845 4636.105
2649.647 4812.360
619.493 4780.695
2591.899 5313.276
506.094 6057.214
947.906 6198.655
5562.030 4896.937
3732.859 4980.748
151.275 5225.946
3964.975 5618.393
6270.378 6163.254
3983.762 4749.876
2444.651 5034.743
2561.431 5589.275
6141.277 5648.983
4182.957 5706.615
1759.275 6186.470
4358.435 4456.373
3474.796 4546.615
2057.007 4872.581
3238.135 5083.186
1374.408 5154.311
369.988 5123.786
42.829 5250.670
5845.513 5681.990
3117.013 5887.206
1002.135 6014.917
4440.742 6086.105
809.966 4657.067
655.538 4833.439
4337.986 4844.955
3463.372 4896.449
3207.423 5317.081
1484.710 5424.956
2260.868 5562.750
2259.942 5574.147
4899.560 5749.461
4763.939 6205.836
4515.192 6178.089
1833.667 6176.045
4826.260 5002.346
3912.079 5105.037
4831.767 5228.215
3706.484 5277.997
953.840 5329.599
1836.359 5514.603
5480.631 5638.858
216.659 5675.819
1590.938 5834.053
2919.140 5918.565
3143.004 6056.601
5135.882 4314.245
5769.128 4407.651
3174.335 4541.873
218.936 4641.352
3717.605 4924.327
1089.681 4907.975
5644.813 5090.734
3796.390 5194.554
3563.146 5259.079
819.442 5814.898
5978.720 6134.847
71.049 4535.442
6045.662 4774.952
4360.102 4783.745
3860.025 4744.046
1430.506 4806.201
2388.836 4861.889
3707.947 6068.819
1383.888 4880.981
2308.458 5054.230
2317.327 5147.365
295.027 5142.210
1233.584 5356.128
3741.625 5686.110
3544.549 6267.666
4039.946 4562.886
4382.748 4721.820
2887.175 4962.160
1854.274 5026.443
1217.139 5627.723
658.500 5672.039
4753.932 5866.541
1345.464 5894.911
6132.855 6179.456
4179.076 6215.780
3013.268 6181.025
1495.556 4924.940
5508.892 5035.449
5403.994 4995.039
6138.795 5188.039
2224.203 5305.291
4230.364 5443.486
2431.502 5458.130
2905.193 5662.385
2638.329 5700.544
