#X Y flux fluxerror type peakval sigx sigxy sigy sky chisqr apphot apphoterr
2531.58  96.72  215315.290  1698.263  0x0000001  7670.379  0.140  -0.006  0.129  199.469  8.878  220405.843  477.597
2704.66  181.34  25342.737  415.074  0x0000001  902.808  0.283  0.016  0.286  199.980  3.588  25633.730  190.002
2187.64  220.88  687257.657  11538.073  0x0000007  24482.825  0.090  0.023  0.131  200.464  192.031  705298.752  847.490
2569.78  344.94  nan  nan  0x0000005  nan  6.029  2.599  1.027  199.827  nan  21660.852  181.853
3900.85  414.86  245303.612  4955.586  0x0000007  8738.681  0.106  -0.003  0.119  200.986  80.672  255167.878  516.502
3805.16  429.70  18609.495  396.097  0x0000001  662.944  0.372  0.064  0.351  199.999  4.772  19416.683  163.310
3438.02  494.60  16031.403  278.815  0x0000001  571.102  0.605  -0.059  0.590  199.857  1.916  16300.223  165.396
2653.78  660.33  115285.768  1847.688  0x0000001  4106.933  0.138  0.004  0.151  199.915  19.671  116824.644  359.782
1213.47  864.68  120677.429  1943.951  0x0000007  4299.005  0.142  -0.001  0.151  200.242  25.276  123253.561  367.032
2568.93  968.94  26288.231  452.389  0x0000001  936.490  0.252  -0.011  0.294  199.463  3.915  26797.239  192.088
1783.10  1081.59  12497.997  251.031  0x0000001  445.228  0.583  0.062  0.665  199.821  1.990  12723.068  164.148
4342.72  1121.87  19076.801  381.639  0x0000001  679.591  0.333  -0.008  0.367  199.470  3.519  19653.775  178.946
2978.61  1198.55  14530.714  243.966  0x0000001  517.641  0.595  -0.066  0.709  199.988  1.677  14425.867  175.429
1925.82  1421.01  20525.377  329.994  0x0000001  731.195  0.295  -0.018  0.351  199.968  2.959  20641.780  170.923
3312.49  1488.17  32293.090  502.154  0x0000001  1150.407  0.272  -0.006  0.286  200.317  3.910  32636.478  223.483
5380.28  1539.78  13891.469  245.408  0x0000001  494.869  0.439  0.005  0.452  199.950  2.200  14559.870  155.167
4418.09  1576.25  67857.514  1453.968  0x0000007  2417.352  0.152  -0.013  0.169  198.972  21.973  71137.919  287.839
3490.47  1595.71  23737.171  316.524  0x0000001  845.612  0.282  -0.022  0.297  199.939  2.325  24452.661  189.748
2898.38  1617.78  143154.333  1459.671  0x0000001  5099.721  0.136  0.002  0.150  201.756  9.571  145960.415  403.560
2144.11  1647.09  454941.073  8683.951  0x0000007  16206.793  0.091  -0.000  0.108  195.555  126.452  468264.575  691.515
5616.37  1888.40  21251.945  474.458  0x0000001  757.078  0.268  0.015  0.288  199.724  6.392  22728.520  180.456
1845.73  1969.35  21005.685  392.608  0x0000001  748.305  0.299  -0.017  0.324  199.389  3.758  21253.149  182.991
4297.52  1978.03  18877.028  380.772  0x0000001  672.474  0.543  0.136  0.362  199.983  4.489  19886.899  172.223
2139.01  2132.39  11943.601  195.068  0x0000001  425.478  0.655  -0.007  0.665  199.818  1.693  12263.967  144.028
2224.55  2172.92  176222.570  1536.337  0x0000001  6277.742  0.118  -0.001  0.134  199.896  9.240  178585.827  435.745
4022.27  2187.25  9772.881  226.097  0x0000001  348.149  1.055  -0.323  1.058  199.864  2.252  10388.243  150.056
1837.55  2216.80  186551.414  1602.220  0x0000001  6645.696  0.117  0.000  0.133  200.881  8.983  189111.571  453.402
4863.75  2312.91  108854.687  1200.877  0x0000001  3877.833  0.124  0.007  0.144  200.442  9.602  113302.988  349.981
876.08  2326.60  16489.942  287.294  0x0000001  587.437  0.356  -0.032  0.440  200.325  3.091  16492.650  168.779
5070.07  2377.14  16062.602  298.292  0x0000001  572.213  0.354  -0.022  0.372  200.804  3.173  16841.948  163.430
3400.80  2406.53  72352.567  1198.277  0x0000001  2577.483  0.153  -0.014  0.167  200.635  13.329  74765.384  293.790
2780.82  2422.93  15416.336  243.319  0x0000001  549.191  0.554  -0.092  0.654  199.150  1.600  15677.264  181.207
2129.50  2471.66  13240.048  231.017  0x0000001  471.663  0.534  -0.119  0.543  199.572  1.833  13531.120  160.430
3086.74  2504.02  99008.749  1212.140  0x0000001  3527.082  0.150  -0.008  0.162  200.008  10.399  101597.238  343.340
5598.65  2536.05  11091.049  255.800  0x0000001  395.107  0.657  -0.006  0.662  200.201  2.838  11637.861  153.162
2839.18  2537.62  11827.276  235.887  0x0000001  421.334  1.672  -0.423  0.951  199.849  1.743  11871.228  169.034
3082.91  2563.22  80028.778  1256.535  0x0000001  2850.940  0.155  -0.005  0.171  198.872  13.707  82529.203  309.283
1281.20  2572.76  26875.727  454.678  0x0000001  957.419  0.251  -0.015  0.286  199.937  4.132  27235.528  199.921
2989.69  2754.87  26426.296  326.006  0x0000001  941.409  0.297  0.008  0.319  199.239  2.140  27197.065  213.624
445.64  2754.86  nan  nan  0x0000005  nan  0.311  0.061  0.757  199.433  nan  23530.512  173.445
4650.77  2788.76  30078.066  421.535  0x0000001  1071.499  0.322  0.055  0.249  199.575  4.054  31434.368  201.194
2832.27  2795.49  61667.003  892.477  0x0000001  2196.822  0.184  -0.015  0.194  200.100  7.435  63046.444  280.946
5730.11  2820.70  350157.787  6447.910  0x0000007  12474.000  0.091  0.003  0.103  200.495  107.835  368956.665  618.599
3119.87  2813.87  63059.333  935.060  0x0000001  2246.422  0.162  -0.010  0.172  199.118  8.817  65200.991  275.320
1545.01  2839.05  157063.349  1984.739  0x0000001  5595.215  0.123  0.001  0.137  200.906  17.176  159898.495  415.403
187.27  2819.41  28405.985  595.457  0x0000001  1011.933  0.336  -0.215  0.492  198.874  7.261  28539.951  190.263
2797.73  2862.54  nan  nan  0x0000005  nan  0.650  0.267  0.218  199.576  nan  71723.205  297.206
3922.54  2913.89  255654.800  2354.680  0x0000001  9107.431  0.103  -0.002  0.115  200.745  14.692  266235.536  527.004
3436.15  2910.53  47150.562  594.054  0x0000001  1679.689  0.176  -0.009  0.200  199.241  4.925  48760.897  244.474
3635.08  2937.14  81604.646  1089.694  0x0000001  2907.079  0.148  -0.013  0.157  199.989  9.880  84414.369  305.436
4558.34  3018.64  247462.123  4262.566  0x0000007  8815.576  0.095  0.003  0.114  199.818  69.898  261036.830  519.779
3740.92  2997.78  17063.125  261.898  0x0000001  607.856  0.366  -0.064  0.425  200.223  2.074  17416.154  171.157
625.64  3028.86  79741.368  1175.334  0x0000001  2840.702  0.159  -0.002  0.173  200.338  10.760  80752.187  304.564
3585.66  3049.51  307007.919  6020.209  0x0000007  10936.831  0.096  -0.001  0.110  201.152  109.331  321728.539  577.607
1386.92  3069.02  39737.784  474.990  0x0000001  1415.616  0.201  0.013  0.227  199.923  3.513  40490.709  230.753
1235.74  3071.96  38621.396  673.425  0x0000001  1375.846  0.211  -0.000  0.235  199.818  7.221  39265.052  227.585
1174.67  3075.31  14698.971  241.753  0x0000001  523.635  0.473  -0.092  0.481  200.024  1.900  14940.934  164.339
5456.07  3099.95  nan  nan  0x0000005  nan  0.117  -0.102  0.226  198.967  nan  361410.883  607.400
1819.10  3133.61  11955.989  204.845  0x0000001  425.919  0.593  0.001  0.645  200.298  1.670  12254.968  153.171
1931.89  3163.68  20305.396  284.578  0x0000001  723.358  0.344  -0.017  0.323  200.141  2.883  20365.903  178.265
2597.93  3223.75  150149.577  1913.219  0x0000001  5348.919  0.131  0.001  0.145  201.168  16.477  153632.049  413.274
3167.83  3308.30  148652.253  2010.743  0x0000001  5295.579  0.121  0.006  0.133  200.694  18.893  154023.091  408.002
3371.31  3365.28  11227.181  174.528  0x0000001  399.956  0.697  0.132  0.818  198.984  1.265  11496.152  153.714
5431.24  3400.19  14263.327  236.876  0x0000001  508.116  0.460  -0.019  0.451  199.697  2.218  14343.061  159.246
5266.99  3442.67  243057.306  4127.624  0x0000007  8658.659  0.101  0.003  0.116  199.886  51.094  253961.340  513.666
2955.93  3483.42  29023.850  390.903  0x0000001  1033.944  0.401  0.088  0.268  199.956  2.987  29421.090  202.276
1433.21  3511.91  nan  nan  0x0000005  nan  0.389  0.172  0.135  199.930  nan  285687.889  546.748
5425.89  3539.15  515941.399  6465.140  0x0000007  18379.865  0.083  0.004  0.097  201.704  85.346  535308.228  738.908
5814.46  3588.98  86980.594  1120.220  0x0000001  3098.591  0.137  0.006  0.162  199.899  9.936  89515.925  312.947
98.97  3711.80  23575.538  450.914  0x0000001  839.854  0.276  -0.001  0.305  198.001  4.380  23525.292  185.574
2418.06  3709.32  11416.978  246.072  0x0000001  406.718  0.988  0.005  0.946  199.540  2.151  11508.860  164.790
5210.09  3760.05  118304.459  937.180  0x0000001  4214.471  0.124  0.000  0.142  199.582  4.655  123468.321  365.506
1737.99  3745.88  11062.607  223.843  0x0000001  394.094  0.651  -0.085  0.726  199.916  2.249  11203.450  150.811
4205.42  3885.08  nan  nan  0x0000005  nan  0.753  0.375  0.230  199.829  nan  68143.073  271.854
4263.91  3895.71  8526.455  171.435  0x0000001  303.746  1.930  0.613  1.237  199.072  1.525  8782.629  134.704
1279.88  3928.17  8708.941  186.506  0x0000001  310.247  1.782  0.022  2.089  199.504  1.915  8683.167  148.157
3297.28  3958.13  120721.285  1761.095  0x0000001  4300.568  0.131  0.004  0.152  199.940  15.890  123089.428  366.533
5606.26  3974.70  153381.995  1879.372  0x0000001  5464.071  0.118  0.004  0.133  200.695  18.354  156951.669  410.866
5519.19  4013.53  37387.647  493.245  0x0000001  1331.895  0.189  0.004  0.225  200.024  3.926  38281.490  224.696
4935.58  4045.60  144032.910  2034.945  0x0000007  5131.020  0.120  0.008  0.126  200.108  22.499  151077.119  400.796
1796.78  4050.62  54195.166  895.185  0x0000001  1930.645  0.170  0.012  0.209  199.714  9.190  54967.750  259.101
3928.22  4223.69  nan  nan  0x0000005  nan  0.125  0.045  0.092  195.744  nan  1131917.069  1067.200
3408.78  4204.13  220637.881  2154.734  0x0000001  7859.990  0.106  0.009  0.125  200.487  12.492  228235.291  489.809
1648.54  4193.75  14381.659  416.065  0x0000001  512.331  0.442  0.039  0.481  199.033  4.867  14912.766  162.825
4189.40  4201.31  18998.539  261.622  0x0000001  676.803  0.304  0.015  0.375  197.751  1.766  19596.135  170.420
1504.77  4266.95  12897.534  366.812  0x0000001  459.461  0.526  0.014  0.636  199.551  4.927  12935.404  160.468
3552.35  4321.71  45988.579  748.463  0x0000001  1638.294  0.182  0.015  0.213  199.250  6.616  47238.023  242.666
4358.56  4359.89  18187.265  319.363  0x0000001  647.902  0.290  0.015  0.356  198.828  3.194  18590.875  172.463
2031.63  4383.88  174712.643  2434.260  0x0000001  6223.953  0.123  0.010  0.148  200.456  20.043  178155.467  440.377
4393.45  4407.90  17710.065  263.775  0x0000001  630.902  0.304  -0.019  0.376  198.832  2.208  18230.980  171.678
4967.20  4463.15  8769.834  181.959  0x0000001  312.416  1.093  0.011  1.692  200.653  1.891  8849.290  141.099
2130.96  4513.94  29698.653  550.050  0x0000001  1057.983  0.254  0.009  0.309  200.579  5.085  30160.762  213.339
3473.71  4545.85  11763.420  236.460  0x0000001  419.059  0.675  0.057  0.688  199.318  2.161  11897.214  153.022
3982.81  4748.84  44944.466  569.078  0x0000001  1601.099  0.174  0.018  0.194  198.261  4.680  46494.445  230.408
5560.77  4895.90  81119.764  958.854  0x0000001  2889.806  0.152  0.004  0.168  199.790  6.834  82297.759  305.026
1521.13  5028.65  20613.394  471.659  0x0000001  734.330  0.317  0.002  0.324  199.650  6.280  20635.506  175.208
1205.88  5265.30  19236.584  377.492  0x0000001  685.283  0.339  0.000  0.376  199.795  4.237  19000.699  164.633
3707.30  6067.69  583400.246  6609.092  0x0000007  20783.015  0.075  0.005  0.087  197.219  51.260  622267.250  794.621
3967.44  5956.98  12693.324  243.825  0x0000001  452.186  0.459  -0.001  0.628  199.053  2.350  13526.071  156.744
2139.04  6096.64  nan  nan  0x0000005  nan  0.869  0.489  0.315  199.963  nan  36971.999  203.896
4096.02  5599.51  19115.758  359.685  0x0000001  680.979  0.279  0.017  0.294  199.285  3.927  20799.485  165.248
3637.14  5866.91  16467.489  314.496  0x0000001  586.637  0.326  0.026  0.364  199.657  3.361  17942.589  165.716
