x_0 x_fit y_0 y_fit flux_0 flux_fit id sharpness roundness2 group_id flux_unc x_0_unc y_0_unc iter_detected
2531.01884225927 2531.4379314502107 96.36535658204387 96.67711800645708 21984.02516604889 13750.486403714653 1 0.47859959742453456 -0.13053689794424272 1 362.3940444703401 0.06216917657380246 0.056114470156000525 1
2704.244528386117 2704.350533271205 181.70822461926662 181.54406781058444 2810.1608824481095 1518.1689955818829 2 0.41501882349675373 -0.08876875121953595 2 25.91923511801939 0.031239043518481984 0.018273090158724047 1
2187.170685912731 2187.626836706917 220.70657481340783 220.71499150048908 77082.52722983147 47509.6463695007 3 0.4203668288503359 -0.08147946697759215 3 543.9158149187309 0.0126923854393506 0.02085321115298316 1
2569.4460756326207 2569.2884140667143 345.13696568886206 345.9645663468401 3486.621542851709 1454.294914980422 4 0.39634898697021914 0.5404588444015068 4 1253.4352372686199 1.2150752619161687 1.2667696333096636 1
3900.5569108874306 3900.608580595478 414.66887763084594 414.6223279076999 27442.974012464343 16503.366275685534 5 0.40650836610577007 -0.09214225563249925 5 265.8361209686878 0.04175133174454979 0.018999138484604338 1
3805.3704841486788 3805.2012978108364 429.45352299293603 429.64759643941824 1926.1610886866001 954.6522213212556 6 0.3466509947830795 0.15130425062298264 6 59.383343059578685 0.10506154085885287 0.07861598254031307 1
3438.0513355015205 3438.0886622834464 494.0848382610213 494.77186484862824 1761.243099861483 884.132568272859 7 0.4682321935299406 -0.09050213293168899 7 171.4812652565771 0.2414195200567893 0.16274334420441472 1
2653.5277979832576 2653.799663830267 660.707281585678 660.4574692635117 13087.853546544664 7094.538813982745 8 0.4014297067366909 -0.061350914198652406 8 534.181450366726 0.17963463332150623 0.16349271999612958 1
1213.8905008482673 1213.9002023494045 864.2061324456885 864.3476523049668 13506.604349429892 6948.424418953204 9 0.40264781930734816 -0.07820332894085336 9 588.8773680364916 0.22283797577525333 0.2872407871741145 1
2568.8532542842845 2569.02923428081 968.8488524988799 968.6939252865462 2899.3835329895956 1483.9918362119765 10 0.3880146990905068 -0.23186310945500932 10 69.63610029176257 0.08387675635930154 0.07123725351494135 1
1783.2167472676692 1783.2934145976224 1081.0094751685765 1081.6695841226228 1330.453258432565 747.26179555527 11 0.48035157314800647 -0.1342051403653306 11 38.20271987402699 0.08985435628168437 0.0756913263374313 1
4342.428147546551 4342.513453630045 1121.6750350166315 1121.5214954383048 1976.2165131797556 1227.9270399199459 12 0.4067120423867859 -0.14931968922432126 12 24.83609563922601 0.07003654153548315 0.06453237491976911 1
2978.1503636742345 2978.398118724187 1197.9193472433772 1198.4989255482237 1474.2908128377298 952.8525034962472 13 0.4348182434667023 -0.032756357258314356 13 17.474890237308227 0.049522230927763894 0.054128988917632063 1
1925.598343734748 1925.6079032297207 1421.0221401535691 1421.2495503859939 2245.31377356033 1427.852362673848 14 0.39236415236906946 -0.09029144545327865 14 57.59431885417913 0.04098922448823291 0.04492976273304062 1
3312.9487085314245 3312.35796750697 1488.3198670042038 1488.3266923824729 3378.6660290122327 2065.961796415201 15 0.4015367145709051 -0.15298732706041865 15 31.26406223340962 0.06357543022199368 0.05809709262194957 1
5380.564916406287 5380.379365207776 1539.5130873940218 1539.6410158223678 1492.9938221556117 883.9016727125983 16 0.3862541110308704 -0.22559887723348138 16 71.15568144008246 0.0561912381702789 0.1728694477077064 1
4418.27603440558 4418.368937698115 1576.5289281716991 1576.4192948185366 7009.175990239672 4347.906884774362 17 0.3626591187704598 -0.06344004070780963 17 119.73470769223427 0.08281336280469756 0.08652548118174862 1
3490.939317560511 3490.427499414423 1595.256329656931 1595.5000820076425 2367.3215664934282 1545.898387482721 18 0.31750792167464836 -0.20504644781692474 18 48.55314937822474 0.09346812699622742 0.08056990167118364 1
2898.689696332676 2898.4298029561064 1617.4237816808509 1617.8139141053887 15200.443950532615 9245.599336798516 19 0.3761571661810828 -0.09444412351545232 19 293.62665688016256 0.03166405460901369 0.08681577572405454 1
2144.1259455108207 2144.309790532726 1647.1413554755302 1647.2691999074907 51557.482440960535 28488.743807854447 20 0.41216832548172966 -0.10334072285949132 20 1473.823402671208 0.04724652246834906 0.09227115485133669 1
5616.854726386545 5616.425313726385 1888.82378253831 1888.8689336399377 2081.3298971463228 1162.9213024840356 21 0.4399584485893588 -0.23949776179058738 21 23.40741008606764 0.06553034711274246 0.1646133021950193 1
1845.3943606660107 1845.7366547943302 1969.7101543707934 1969.5203184633567 2257.443571982871 1340.1384332500959 22 0.36373492984793326 -0.11096168694798908 22 26.460855680649683 0.042071438798303905 0.024234442034598815 1
4297.042228198869 4297.564145220555 1978.2360730597113 1978.2811620219247 1863.9503977186678 1274.4740913385886 23 0.3992595789836721 -0.017033460693075698 23 20.069220959794972 0.04797847785099178 0.03603304248703899 1
2138.991151348495 2139.157380805107 2132.6639881444244 2132.5443003313603 1270.3430636886346 665.0686343958218 24 0.39839145724341685 -0.07306673654070922 24 25.929875438322924 0.05675591650947993 0.04139289035469602 1
2224.003575858406 2224.581451181672 2172.8213634667272 2172.753922094255 17783.249839148648 11350.853669927134 25 0.41128603304447553 -0.13582721330083197 25 46.9562328043791 0.07299960036286511 0.15477039911422938 1
4022.5407222680906 4022.4822245348496 2187.5024320203306 2187.625867208859 936.064690094443 608.0349788821125 26 0.38039828946523807 0.02472521016620043 26 276.9646225630137 0.04163232130016242 0.044328357096559995 1
1836.950085361573 1837.593187139635 2216.5371995707887 2216.7373218014905 18419.02209541346 11732.184933777142 27 0.4385493199410201 -0.10291696542455903 27 611.9355610892558 0.18156696391960975 0.17388894957574733 1
4863.470243829852 4863.561454717472 2312.7741505450012 2312.7407371122463 10921.634896791491 6723.217451275883 28 0.371014505296187 -0.19534387903123596 28 23.85847626719594 0.025005202714474123 0.032810007325532166 1
876.1753825983949 876.3070430402031 2326.069806307224 2326.630266554568 1819.2770397659303 1028.0145078645494 29 0.4465120395963115 -0.015925992696902067 29 33.092809390555445 0.16571852505664847 0.06851565242997144 1
5070.187185828207 5070.11863720515 2377.240222731288 2377.326196376433 1602.1339260942373 945.1928291170072 30 0.42638730694213367 -0.13599211011871415 30 79.00980111072826 0.06661593992751932 0.0789361472202679 1
3400.6878161843515 3400.754904445116 2406.067295926228 2406.489086875502 7347.355762715862 4532.458747088863 31 0.4140094688545387 0.012282744234428655 31 54.086069846609014 0.14771595665660164 0.16828833871043256 1
2780.6537240415414 2780.8931966406126 2422.838156169938 2423.19554798351 1581.4141739542974 858.4382934129972 32 0.464246216097074 -0.10380886540681504 32 60.72508527933792 0.17549104755453035 0.17307940604540153 1
2129.041238127188 2129.2710987507576 2471.2670184298654 2471.5835862196154 1365.0426510462187 780.5849860516973 33 0.3736717975939404 -0.06651923503810796 33 96.13801477840455 0.027579205540699387 0.04239535215083675 1
3086.4461958214865 3086.6623647014676 2504.0081181984365 2504.125999315415 10433.60869838424 6309.828423571916 34 0.42561668535347663 -0.08656388420077295 34 49.29147682867741 0.24809995142580668 0.05731722490940203 1
5598.405473352467 5598.738400960686 2536.180573292006 2536.308406842217 1197.7157931471206 724.4081911205245 35 0.37607286456163913 -0.04635200974001827 35 42.361253738518336 0.04919170026888977 0.07524093416456468 1
2839.369082621097 2839.39758075169 2537.116618444022 2538.042877822601 1241.1820352424031 747.1805244685773 36 0.43968375147680167 0.0737911371118894 36 72.62961480859269 0.03055186853357653 0.0421348140831044 1
3082.811035695197 3082.706110054222 2563.4372336722986 2563.239251243464 8146.690177841251 5060.990103586502 37 0.3552490333226693 -0.03843232685486164 37 96.84250776013603 0.11223239795119846 0.0708073393914664 1
1281.449369531495 1281.815463651383 2572.4347443325214 2572.437465204 2991.4579404954325 1511.974856805901 38 0.3966269591732 -0.11164257406537768 38 50.55006936281714 0.042372566248278926 0.08098831227735594 1
2989.3338937369654 2989.6212566778836 2754.672151501467 2755.133048991734 2715.0502743655607 1665.285444890277 39 0.4184553108077526 -0.09576845809754889 39 56.18844566435766 0.020869356707310698 0.023090809314333226 1
445.2029711518787 445.6400664308273 2754.70221928595 2754.6939697033117 2544.002324087872 1370.7493725413779 40 0.40104618257852337 -0.1475693678480233 40 66.2751286121665 0.16887215813805206 0.18582869806850816 1
4650.538215373639 4650.650038694009 2788.4922670682386 2788.8361212081263 3030.6958806164516 1686.5793313698261 41 0.39268686784139584 -0.21977637675360362 41 421.1191598195478 0.11757992371721428 0.2229842870194848 1
2832.5463975423036 2832.597402579672 2795.8892387426276 2795.91517401129 6387.334601303598 3487.2951760265905 42 0.38058100565193737 -0.046095093670162214 42 3849.2726939095483 0.4865838474907532 0.1204875794007294 1
5730.06338722295 5729.90062298482 2820.27755874034 2820.636918370193 35835.962746485486 18680.274900738994 43 0.41418284470810657 -0.13689049696858804 43 35.231107432296554 0.02653053169025 0.025569277495728314 1
3119.732377592791 3119.7727043342697 2813.707254129252 2814.1858048614126 6695.912829450159 3953.5815555087056 44 0.41093049278938865 -0.02038951441919318 44 241.22689814449 0.02538586031985607 0.03303842264882695 1
1545.0164485172306 1545.4310961572473 2839.092195850406 2839.1894304349744 16175.80362609511 9360.144576364148 45 0.35942563291285595 -0.15017842659499062 45 99.7544339704634 0.08489435047939559 0.0690740994538322 1
187.5619435770659 187.4734656779383 2819.833056932446 2820.224549499265 3160.0626790087795 2093.078597555867 46 0.4599886940567977 -0.0084773795802995 46 204.31521434735566 0.11143901132464734 0.08038291047925804 1
2797.4231742960087 2797.742470396864 2862.0539853441155 2862.553061530067 8027.075033681158 4992.0179691912535 47 0.4295403453828599 -0.00152145019372486 47 286.8321263775927 0.04463325283966494 0.0425198501114942 1
3921.936584671581 3922.5791443966127 2913.6941601754693 2914.1739948467803 24610.088528908615 16400.514675611645 48 0.4264994890722012 -0.12385664281922239 48 155.2716754825117 0.07623779907340242 0.16574128788172338 1
3436.29586699794 3436.3449483101367 2910.0034654067867 2910.5413658199745 4597.805642931062 3041.653910244704 49 0.41712498824844935 -0.06562542289115564 49 132.5424706724692 0.09229499841896732 0.07303481266477471 1
3635.1596313491727 3635.2334829556025 2937.2626890281217 2937.3019764371707 8238.69959649823 5072.386785923504 50 0.35326875254345763 -0.07341316425646251 50 625.7001876249785 0.08808814292591609 0.07466028415820945 1
4558.41742070882 4558.58814567746 3018.146394720227 3018.681247053386 24969.594767629726 16799.669904825405 51 0.38902933401605577 -0.20616497004105638 51 184.57908707925588 0.4408885779503875 0.18886708971168994 1
3740.8318219866037 3741.1033199185695 2997.4985358845347 2997.870655647737 1901.0832343379982 970.1931911329401 52 0.46176961166494973 -0.05805515783383319 52 614.6879362810248 0.08998131332688442 0.11770287571381875 1
625.2239212164122 625.3771765501184 3028.7043081365264 3028.7361081264007 8817.236082865677 4243.188854167428 53 0.3938605813705434 -0.14464878102111528 53 435.6384242277582 0.05649248524168873 0.0685946872517418 1
3585.142417003693 3585.7561261796486 3048.879985465448 3049.5015292823923 30047.588194179993 20045.203849773436 54 0.417886899454849 0.020352869582639113 54 239.05428612909913 0.03170157403358444 0.0586910552872387 1
1386.805356851102 1386.599838104921 3069.010500547793 3069.633368696967 4248.604996891255 3120.816264362609 55 0.44707785889644946 -0.11782135440898765 55 66.80464317689606 0.02688872687189686 0.0473008011006734 1
1235.433880864373 1235.7397840509027 3071.942629896451 3072.3521056884883 4374.759215610483 2222.2212570445445 56 0.44840188001686176 -0.07639950393411198 56 128.32870070096857 0.1223855077471267 0.10199396867093517 1
1174.2638598953886 1174.327596959102 3075.6035525311827 3075.6529706186334 1592.999822005097 855.7216599832332 57 0.4454170675116477 -0.05744581512302492 57 1296.7597179665613 0.1678179719784861 0.04287299935585472 1
5456.015471447278 5455.891737902983 3099.83008411832 3100.3601302293105 37068.17246118568 21636.93242272428 58 0.39747858804510033 -0.12530338762238455 58 56.562910669372684 0.11062688422510311 0.15010438922276348 1
1819.228547098235 1819.1975722752468 3133.152610770163 3133.439205042396 1238.9327053339919 694.5932999364692 59 0.35327048937515443 -0.04934612817327185 59 71.35547380042159 0.04298851542527163 0.05322781791577819 1
1931.7831239532231 1931.7270094945948 3163.2993441825092 3163.564435371729 2134.4207616790713 1222.8614147564106 60 0.3787719050730512 -0.05988865471917915 60 457.3808808038399 0.1319445009433798 0.12210222057561362 1
2597.833930775583 2598.0349437415666 3223.451507709897 3223.745365939098 16018.933582759617 8389.941142167349 61 0.38429975306709646 -0.11042462633817154 61 110.59138856866154 0.06542106072196151 0.07096922817346685 1
3167.6697413241486 3167.8119634219725 3308.5956769882278 3308.4879396840465 15443.137822549006 9338.55177865207 62 0.3818639906576573 -0.06952392692713724 62 36.67517111835117 0.10049947714346213 0.29584413445957203 1
3371.5329092186203 3371.664234827132 3365.5817909746547 3365.67539282272 1116.2848826702407 671.2332106359148 63 0.3919953403236677 -0.18200761678233285 63 145.47758589660705 0.11530564771072267 0.16158343361272853 1
5431.512252535693 5431.399849393948 3400.340880905106 3400.520216683804 1515.4633042349988 1017.8311185001031 64 0.3625898430061042 -0.09123030977895272 64 2679.5378491833453 0.5754179446962788 0.10113917823381828 1
5266.86425495303 5266.904358968592 3442.1983876298573 3442.5639681529296 24632.312754934108 14066.778691780628 65 0.4308864161174113 -0.14395510880141116 65 92.53991079631156 0.12084669486899995 0.09515826168160242 1
2955.788939397493 2956.1079452194617 3483.823233448535 3483.5804434748925 3075.5951498512754 1779.5638179084065 66 0.34704120089572643 -0.1094359425346659 66 1227.8983923391627 0.027231590435659106 0.0648606184404792 1
1433.5066872136656 1433.504313017516 3511.906602552069 3512.177168065309 39845.08006508481 22813.154621105285 67 0.3993794262423233 0.14589897821484288 67 2885.213627790297 0.400637423350141 0.11771525081747344 1
5425.71168412272 5426.066722005766 3539.27193130144 3539.3423243372013 56097.362511711486 32085.650571303922 68 0.4031236678347332 -0.1413141758710693 68 297.107267522065 0.22867398907707634 0.0901932273730687 1
5814.905083032835 5814.711954541594 3588.9199720722927 3589.3088053709457 9162.834451300449 5772.6065883091815 69 0.3980683859977038 -0.2323129294785712 69 63.11158476872984 0.02102644153137749 0.028458346922215622 1
98.95894747657059 98.69860207538825 3711.53104679205 3711.6008669425282 2676.1300518891303 1498.0810746113816 70 0.4078524556812878 -0.18453866926157578 70 16.250677133137156 0.03582312228567492 0.030006053117898602 1
2418.060846330648 2418.0526372319614 3709.796918181343 3709.388078626157 1167.1016302231005 710.03281947568 71 0.3959842185197665 -0.1853873202533047 71 182.48841859004543 0.10404964480161076 0.06985675407986311 1
5210.11198912242 5210.1743451778175 3760.07924230712 3760.3620742537564 12459.074408905268 7618.609215177443 72 0.3920455943634377 -0.28221475617498903 72 18.95829707580816 0.06708956108075342 0.13219292819536702 1
1738.025108834411 1738.3815600177247 3745.753015318781 3745.7407312336077 1201.6173377226405 652.2342902228976 73 0.392084604477187 -0.14143700608006965 73 75.39750422189027 0.04334343576719669 0.0670824518904539 1
4206.033176188199 4205.457694157776 3885.305322640746 3885.2585933937644 8287.666516280604 5117.717442035357 74 0.3844647640419875 0.20719453696859005 74 28.645781988093354 0.44901887989563377 0.22865063507206182 1
4263.77478973261 4263.790909860559 3895.343958242973 3895.721831054041 913.7649584838266 539.4441138337542 75 0.45882191928218496 -0.16294886919051474 75 32.864448007999975 0.043803614452689085 0.08025981038199946 1
1279.7244962534348 1279.6908040420617 3928.3810058061576 3928.5562579974553 944.4734920487927 584.5262897711273 76 0.3856058447988419 -0.11458396793169444 76 235.23552316399233 0.07539715775937789 0.16169157310288126 1
3297.5790830160204 3297.544424425909 3958.2759091753783 3958.3378766477513 13589.521038640978 7527.93176232048 77 0.43028478621549704 -0.19095640104102776 77 405.3232757672214 0.09616370882163297 0.13422146344515004 1
5606.276163896087 5606.385942014818 3974.2926948496192 3974.769898189618 15890.938668709865 9979.694226898528 78 0.4167578453644253 -0.2299414244386011 78 50.26498076818846 0.11738362858460441 0.07581452539404591 1
5519.397156538972 5519.463194386775 4012.9502557569867 4013.6613185116958 3899.9367478828995 2607.87512782909 79 0.4724395076636149 -0.16337228789299693 79 249.32076812406945 0.09848389723496218 0.0557926077967293 1
4934.928355883323 4935.726577900283 4045.0733051660163 4045.5626019054953 13261.100516332499 9104.003022676754 80 0.4559311137833477 -0.03325934010339052 80 186.610837046882 0.09143210064206217 0.24324577928310367 1
1796.5472993015553 1796.6616445648615 4050.1523644184817 4050.6753812483034 5940.1671805633405 3397.206216899472 81 0.41896577651700684 -0.17657401390217395 81 1502.1136805869605 0.03788494585553085 0.05134312393888386 1
3928.3915596747097 3928.45599020302 4223.2617956216045 4223.935339107613 121217.78665469895 65005.75250176626 82 0.396489192719032 -0.23061290469238818 82 207.292551708294 0.08424614765122523 0.09586557559622495 1
3408.5177506794844 3409.233514802225 4204.256006757306 4204.404060517675 22924.62768078177 14049.922479729463 83 0.3954000283163139 -0.2413922779452254 83 113.19797023925375 0.10394236677484577 0.5196781672199328 1
1648.182317617599 1648.2695610529358 4193.434359462313 4193.7067196602275 1605.7534296643662 800.2749029490899 84 0.4207944429771411 -0.3383550092840011 84 31.348076037663937 0.10295525533798058 0.15640476182244034 1
4189.77507506965 4189.476795462501 4201.6433184100715 4201.260567662624 1994.3865660534593 1131.1599894156573 85 0.43155491502833143 -0.2409065566710996 85 109.48215132322544 0.08631840535756836 0.23221131050613633 1
1504.6061044168457 1504.5475293421484 4266.8159364823105 4267.17945875822 1487.4064838672143 843.489390704865 86 0.3852609713178374 -0.3041844980056844 86 77.65264611052108 0.0429178174501856 0.07640114142001488 1
3552.7085379920263 3552.5737679457666 4321.3603046448925 4322.026524213526 5059.5969340933425 2739.8616030588946 87 0.4124226215081071 -0.27656693227333373 87 56.1748211447195 0.15346158471313776 0.16543317084929143 1
4358.144303943127 4358.326527175351 4359.698669401818 4359.798548774839 1940.7514736209491 1153.3695928983007 88 0.3699775607950958 -0.24474631083555584 88 281.3371219588718 0.028041728833715238 0.13424337280377108 1
2031.202501835776 2031.587796790305 4383.711390577708 4384.177882437664 19151.91954470871 10376.835083075646 89 0.4512101967651617 -0.262952937104948 89 27.85158185848912 0.12401968470189943 0.08895484376633501 1
4393.866555133931 4393.739554076544 4407.684760400511 4408.17884334451 1858.1492980446296 1095.7424466435798 90 0.3376364023014102 -0.32037624013858146 90 14.038696705861023 0.09172332383615855 0.08661127018935671 1
4967.450320148018 4967.486030647496 4463.32006143322 4463.195265371767 982.2565994974442 530.8231045892412 91 0.4523262156135442 -0.28283893214081934 91 73.56593022308718 0.15259149874163117 0.14333478547564243 1
2130.966894074774 2131.3269007955214 4513.81101536221 4514.2189654616795 3321.4669299275674 1790.905167150049 92 0.4353944997447298 -0.2379288316982271 92 24.805865600884704 0.1263367028225617 0.0833081146912769 1
3473.424146295557 3473.7041538998537 4545.6469526826095 4545.980775549401 1255.6455787374862 765.0522702847568 93 0.467282514653609 -0.24625390937551314 93 32.45494757480258 0.04556508570143333 0.04296193773003825 1
3982.5478529644074 3982.6592499923804 4748.630081140408 4748.990282380592 4983.649868237038 2751.9005545393416 94 0.42148514610093235 -0.18902874320554797 94 182.85450068670764 0.1607140435307484 0.11615985953141396 1
5560.520563982266 5560.675279491006 4895.772616572928 4895.84648015718 8828.408038490243 5173.862050763595 95 0.40512980574596863 -0.20435585739771983 95 17.548710190460852 0.04284357751472879 0.11323063321209396 1
1521.2770106219932 1521.1820121404419 5028.246594072905 5028.575224829845 2407.865602840262 1381.1012329195466 96 0.4113385151958455 -0.15024763893791387 96 37.291262893348396 0.06619367391387014 0.049687895594159516 1
1205.7200696715943 1205.8026177604834 5265.668834332041 5265.361222600138 2244.778071546617 1316.85348170177 97 0.4250043460682604 -0.15814361370981364 97 1304.4429202535266 0.06388561813739063 0.11511942619689637 1
3707.4132468743587 3707.166285099579 6067.291389227923 6067.572722201462 54663.94151653883 33056.359864806596 98 0.33463428727915395 -0.20043930596993545 98 227.59070905505135 0.3155058771755906 0.2704659226567858 1
3967.9013813383644 3967.9382929249427 5956.928021533586 5956.900385820013 1195.098138794201 786.7734977488865 99 0.5598074398893391 -0.16141782623861609 99 208.5856367136902 0.05916787631969413 0.14445481882797828 1
2139.1340119184906 2139.1697585685433 6096.2184328774565 6096.792335176517 4765.6917095019835 2867.530027513537 100 0.44277591090023066 -0.00842042803832097 100 71.05739280199789 0.1686832254972013 0.09707793819295378 1
4096.058534872939 4096.117957347565 5598.977652724667 5599.226398328836 1813.3257563643974 1093.2553319880417 101 0.26492044605308207 0.025430571445035386 101 179.30047913277255 0.15122529313025648 0.10820189702325626 1
3637.2468490140295 3637.0700877050062 5866.816722595266 5866.982958402047 1641.072500172301 1051.7085961117932 102 0.4488375556305901 -0.09321181712488999 102 "" "" "" 1
