#X Y flux fluxerror type peakval sigx sigxy sigy sky chisqr apphot apphoterr
6040.18  6.76  370317.800  6152.045  0x0000007  13723.242  0.088  0.006  0.113  207.913  100.244  365392.926  609.954
673.76  7.96  20464.891  376.456  0x0000001  758.388  0.303  0.035  0.360  199.992  3.907  19574.310  153.652
3386.44  40.14  128684.880  2735.343  0x0000001  4768.806  0.145  0.006  0.153  200.695  37.179  125022.460  370.995
1088.22  73.12  55012.422  1419.934  0x0000001  2038.651  0.190  0.006  0.194  199.429  21.887  52315.026  247.925
2531.58  96.72  214387.065  1735.909  0x0000001  7944.759  0.140  -0.006  0.129  198.974  9.028  207329.009  462.293
1848.05  115.03  8521.257  191.556  0x0000001  315.781  1.536  0.001  1.539  201.672  1.788  8096.521  135.620
3664.17  175.04  140140.850  2514.852  0x0000001  5193.341  0.143  0.003  0.152  199.347  31.859  135038.445  385.330
2704.66  181.34  25191.622  464.419  0x0000001  933.551  0.283  0.016  0.286  199.761  5.251  24127.595  180.029
2187.64  220.88  684200.569  10014.003  0x0000007  25355.113  0.090  0.023  0.131  200.736  113.076  660521.644  819.095
4534.42  216.61  661151.656  8446.620  0x0000007  24500.967  0.090  -0.030  0.152  196.695  74.294  651984.221  810.204
4417.59  220.14  21324.307  492.539  0x0000001  790.236  0.299  -0.024  0.334  199.593  6.718  20818.092  173.550
2406.15  271.11  338976.624  5890.269  0x0000007  12561.800  0.107  0.009  0.113  197.148  63.705  332340.210  583.291
4322.45  252.63  8764.822  219.297  0x0000001  324.807  1.774  -0.032  2.100  199.637  1.809  8700.441  133.414
4534.45  276.06  69556.463  1390.727  0x0000001  2577.624  0.157  -0.010  0.175  200.854  19.771  68580.979  280.423
2569.78  344.94  nan  nan  0x0000005  nan  6.029  2.599  1.027  199.438  nan  20109.109  169.964
794.73  377.90  114516.129  1986.461  0x0000001  4243.740  0.138  -0.001  0.158  199.922  25.839  109410.440  339.481
6245.48  397.10  50153.660  818.371  0x0000001  1858.595  0.156  -0.003  0.176  200.323  12.075  50248.375  237.825
3900.85  414.86  242324.700  3714.423  0x0000007  8980.072  0.106  -0.003  0.119  201.473  42.955  238703.683  497.518
1425.28  404.49  73986.087  1840.508  0x0000001  2741.777  0.165  0.001  0.175  200.272  26.583  70948.047  283.440
3805.16  429.70  18183.287  479.275  0x0000001  673.836  0.372  0.064  0.351  199.955  6.760  18152.723  155.263
1654.44  434.62  10110.468  286.935  0x0000001  374.674  1.059  -0.310  1.061  198.710  3.627  9851.068  138.893
1109.87  448.20  19185.510  299.729  0x0000001  710.977  0.345  -0.043  0.350  195.197  2.747  18787.659  166.121
5257.01  503.31  nan  nan  0x0000005  nan  0.282  0.140  0.126  198.826  nan  253784.777  510.481
3438.02  494.60  15829.137  322.920  0x0000001  586.596  0.605  -0.059  0.590  199.984  2.295  15255.172  155.564
1097.38  516.95  27818.296  606.691  0x0000001  1030.891  0.269  0.001  0.267  198.183  6.593  27089.110  174.702
511.71  554.85  75644.809  1146.786  0x0000001  2803.246  0.160  -0.004  0.175  199.757  10.650  72727.047  274.907
834.53  567.95  38049.094  744.972  0x0000001  1410.024  0.209  0.005  0.237  199.765  8.452  36504.326  214.541
5400.75  619.19  15346.416  530.699  0x0000001  568.708  0.245  -0.068  0.246  199.781  12.103  18352.294  162.529
2653.78  660.33  114372.824  2224.656  0x0000001  4238.430  0.138  0.004  0.151  200.182  27.649  109934.951  346.024
3811.88  693.75  36480.446  559.723  0x0000001  1351.893  0.207  -0.011  0.216  200.226  5.541  35690.410  212.459
5322.12  746.31  74947.456  1923.276  0x0000007  2777.404  0.139  0.036  0.154  199.660  40.080  76283.785  290.759
3759.72  771.69  210831.071  2238.554  0x0000001  7812.981  0.113  -0.002  0.123  201.763  13.007  205610.615  463.566
4744.99  783.18  65401.502  1289.215  0x0000001  2423.650  0.157  -0.006  0.178  200.048  19.753  65002.248  274.679
357.88  791.08  7762.289  270.914  0x0000001  287.655  2.521  -0.000  2.557  198.187  3.453  7638.499  123.566
1213.47  864.68  120647.215  2161.169  0x0000001  4470.946  0.142  -0.001  0.151  200.627  29.837  116420.546  354.745
918.40  904.39  12306.802  366.589  0x0000001  456.066  0.576  -0.001  0.576  199.668  4.741  11632.324  144.036
18.76  923.01  9674.736  165.664  0x0000001  358.527  0.846  -0.008  1.540  200.316  1.395  9236.320  132.579
6202.54  952.34  71584.644  1593.676  0x0000001  2652.785  0.140  0.022  0.157  200.457  28.040  72520.517  285.425
5388.29  958.43  25725.906  649.272  0x0000001  953.351  0.226  0.052  0.258  200.378  11.861  25966.215  185.984
2568.93  968.94  26006.716  539.007  0x0000001  963.757  0.252  -0.011  0.294  199.445  5.674  25252.213  183.809
2335.18  985.67  16427.769  261.843  0x0000001  608.780  0.373  -0.004  0.440  199.999  2.365  15436.760  147.400
5965.24  1024.80  41914.854  874.117  0x0000001  1553.281  0.165  0.030  0.198  199.025  14.014  42926.503  226.400
4331.32  1061.54  21556.654  408.377  0x0000001  798.847  0.300  -0.026  0.316  199.758  3.710  21214.684  174.501
1518.68  1085.93  28077.011  543.297  0x0000001  1040.478  0.252  -0.007  0.276  199.780  6.841  26738.320  188.985
1783.10  1081.59  12372.274  263.266  0x0000001  458.492  0.583  0.062  0.665  199.571  2.209  11938.807  152.789
4451.80  1133.08  nan  nan  0x0000005  nan  0.543  0.004  0.039  205.150  nan  440728.777  672.418
3685.64  1106.33  42888.951  855.773  0x0000001  1589.379  0.201  -0.020  0.209  201.418  11.614  42077.644  226.091
6166.92  1150.21  704645.126  10010.352  0x0000007  26112.748  0.074  0.010  0.086  204.717  100.118  719501.535  854.157
4448.45  1130.09  nan  nan  0x0000005  nan  0.032  0.016  0.220  205.299  nan  457229.433  684.363
4342.72  1121.87  18776.133  457.906  0x0000001  695.806  0.333  -0.008  0.367  199.091  4.995  18511.111  167.396
4449.08  1135.81  nan  nan  0x0000005  nan  0.033  -0.053  0.372  204.826  nan  502789.346  717.038
4621.04  1167.69  60685.710  1661.976  0x0000001  2248.892  0.165  -0.022  0.181  199.768  31.009  60665.873  265.662
5718.22  1171.07  16899.549  379.137  0x0000001  626.264  0.289  0.050  0.359  199.757  5.818  17378.337  143.493
2432.32  1190.67  48993.086  908.755  0x0000001  1815.586  0.184  -0.005  0.209  200.579  10.466  47223.053  238.581
2530.87  1192.73  11498.697  231.825  0x0000001  426.119  0.660  -0.024  0.773  199.752  2.236  11026.920  144.548
2978.61  1198.55  14371.824  257.264  0x0000001  532.591  0.595  -0.066  0.709  199.557  2.092  13666.610  163.509
696.88  1252.92  9903.253  249.845  0x0000001  366.995  1.058  -0.324  1.073  200.097  2.613  9344.363  135.955
4250.19  1305.82  27312.142  571.326  0x0000001  1012.134  0.238  -0.036  0.263  200.242  7.051  26926.311  192.087
3621.77  1373.09  139922.586  2234.920  0x0000001  5185.253  0.125  -0.005  0.138  199.769  26.379  137161.519  381.412
4215.38  1371.87  8520.508  238.072  0x0000001  315.753  4.000  -0.028  1.535  197.868  3.426  8756.072  131.802
4568.79  1399.36  27613.976  589.656  0x0000001  1023.319  0.239  -0.035  0.260  200.022  10.652  27834.192  197.665
1925.82  1421.01  20349.267  379.449  0x0000001  754.103  0.295  -0.018  0.351  199.793  4.006  19464.348  162.624
1534.76  1742.52  11993.857  854.509  0x0000001  444.469  0.021  0.010  0.002  319.063  24.969  19823.652  1001.889
1666.48  1775.86  nan  nan  0x0000005  nan  0.043  -0.026  0.010  189.962  nan  29042.447  1065.673
5781.03  1474.15  25817.908  593.580  0x0000001  956.760  0.227  0.013  0.243  199.797  8.006  26427.479  185.692
3312.49  1488.17  31795.064  568.470  0x0000001  1178.262  0.272  -0.006  0.286  200.339  5.682  30808.565  211.078
149.61  1502.37  nan  nan  0x0000005  nan  0.409  -0.497  0.839  193.901  nan  33191.215  197.687
2851.37  1560.76  nan  nan  0x0000005  nan  0.248  0.089  0.120  205.235  nan  755132.121  876.903
5380.28  1539.78  13593.359  264.806  0x0000001  503.743  0.439  0.005  0.452  200.418  3.096  13630.220  146.144
2911.47  1552.00  21156.606  516.001  0x0000001  784.022  0.403  -0.034  0.369  201.723  6.797  20390.907  184.384
4418.09  1576.25  66328.029  1648.894  0x0000001  2457.985  0.152  -0.013  0.169  199.336  30.353  66580.783  275.298
1557.27  1634.95  12524.809  896.490  0x0000001  464.145  0.052  0.060  0.042  200.000  36.612  21573.752  146.880
4651.10  1596.84  44127.956  990.521  0x0000001  1635.294  0.179  -0.028  0.190  202.131  17.534  44559.892  233.957
1535.65  1650.05  11382.120  808.208  0x0000001  421.799  0.050  0.032  0.027  194.554  29.065  19264.643  161.657
3490.47  1595.71  23324.589  378.175  0x0000001  864.363  0.282  -0.022  0.297  199.946  3.896  22996.621  178.559
2898.38  1617.78  141507.152  1692.719  0x0000001  5243.974  0.136  0.002  0.150  202.047  13.810  137348.939  387.868
2144.11  1647.09  452085.347  7290.902  0x0000007  16753.385  0.091  -0.000  0.108  194.628  75.367  439482.015  669.218
1670.99  1817.35  14401.335  1020.920  0x0000009  533.685  0.008  0.003  0.007  200.000  40.425  24607.420  156.868
1544.30  1875.25  nan  nan  0x0000005  nan  0.175  0.107  0.019  200.000  nan  20691.064  143.844
883.46  1766.25  13505.319  289.451  0x0000001  500.480  0.490  -0.006  0.518  199.378  2.970  12902.049  139.015
4874.87  1928.89  nan  nan  0x0000005  nan  0.258  -0.028  0.038  209.621  nan  901880.418  957.523
1623.87  1988.62  11128.601  812.449  0x0000001  412.404  0.006  0.002  0.004  258.853  29.176  19604.931  1109.431
5616.37  1888.40  20600.176  496.452  0x0000001  763.402  0.268  0.015  0.288  199.807  8.273  21278.821  170.535
6132.47  1915.84  68053.997  984.176  0x0000001  2521.946  0.144  0.012  0.163  200.782  9.655  68401.179  278.069
1567.10  1915.25  nan  nan  0x0000005  nan  2.043  0.242  0.250  200.000  nan  31060.502  176.240
1845.73  1969.35  20738.692  432.407  0x0000001  768.535  0.299  -0.017  0.324  199.405  5.149  20069.437  174.036
4297.52  1978.03  18369.642  415.478  0x0000001  680.742  0.543  0.136  0.362  199.893  5.810  18716.983  161.612
5676.77  2019.15  16662.468  415.058  0x0000001  617.478  0.324  0.023  0.344  201.479  6.725  17113.678  159.816
1161.28  2048.37  67226.647  1581.818  0x0000001  2491.286  0.164  -0.001  0.184  200.796  22.695  64952.792  271.835
6192.91  2153.15  328096.789  5690.098  0x0000007  12158.615  0.091  0.005  0.104  200.416  72.595  330702.325  584.102
2139.01  2132.39  11719.668  211.016  0x0000001  434.308  0.655  -0.007  0.665  199.913  1.799  11544.126  136.136
2224.55  2172.92  173953.160  2025.135  0x0000001  6446.358  0.118  -0.001  0.134  200.310  16.947  168226.553  421.923
550.30  2167.67  21224.671  464.653  0x0000001  786.544  0.293  -0.014  0.312  200.959  5.460  20367.980  175.615
4022.27  2187.25  9553.189  277.483  0x0000001  354.022  1.055  -0.323  1.058  199.608  3.496  9762.146  139.135
1837.55  2216.80  185202.221  1741.646  0x0000001  6863.226  0.117  0.000  0.133  201.504  11.091  177973.123  435.867
4863.75  2312.91  106534.756  1652.776  0x0000001  3947.966  0.124  0.007  0.144  200.860  18.786  106159.259  336.794
876.08  2326.60  16369.046  320.786  0x0000001  606.604  0.356  -0.032  0.440  200.365  3.421  15547.111  157.887
5498.17  2348.71  18854.849  343.030  0x0000001  698.723  0.298  0.015  0.315  199.342  3.455  18882.634  163.164
5070.07  2377.14  15653.957  360.276  0x0000001  580.105  0.354  -0.022  0.372  200.852  4.420  15796.750  153.593
3400.80  2406.53  70810.260  1402.181  0x0000001  2624.088  0.153  -0.014  0.167  201.079  19.928  70323.205  282.093
2780.82  2422.93  15176.873  264.969  0x0000001  562.425  0.554  -0.092  0.654  199.355  1.917  14777.871  168.351
2129.50  2471.66  13061.243  263.686  0x0000001  484.024  0.534  -0.119  0.543  199.501  2.687  12736.034  149.886
753.98  2481.45  9893.343  198.444  0x0000001  366.628  0.812  0.101  0.997  199.972  1.925  9560.507  137.011
3086.74  2504.02  97234.065  1458.760  0x0000001  3603.301  0.150  -0.008  0.162  199.881  19.346  95552.609  330.746
3461.32  2514.92  372705.309  6078.914  0x0000007  13811.718  0.100  -0.040  0.195  198.396  78.253  375135.732  617.237
444.88  2509.39  12240.633  511.806  0x0000001  453.614  0.330  -0.022  0.359  201.366  11.796  15256.061  156.451
862.81  2545.88  145705.161  1637.901  0x0000001  5399.544  0.125  0.003  0.146  200.772  13.383  139584.263  385.866
5598.65  2536.05  10797.179  293.840  0x0000001  400.122  0.657  -0.006  0.662  200.438  3.980  10904.066  142.582
2839.18  2537.62  11613.756  258.545  0x0000001  430.383  1.672  -0.423  0.951  200.272  2.187  11209.674  155.019
3082.91  2563.22  78584.925  1511.195  0x0000001  2912.201  0.155  -0.005  0.171  198.483  20.958  77456.902  296.657
1281.20  2572.76  26442.627  552.807  0x0000001  979.911  0.251  -0.015  0.286  200.252  6.174  25598.997  188.985
6206.05  2596.66  163413.719  3049.947  0x0000007  6055.788  0.113  0.006  0.129  199.202  41.700  163013.826  415.956
282.69  2594.55  20653.672  318.583  0x0000001  765.384  0.312  0.011  0.334  199.412  3.052  19591.460  169.278
961.77  2615.29  64205.586  1048.581  0x0000001  2379.331  0.166  0.001  0.190  200.581  10.766  61700.636  270.512
931.69  2622.56  26185.860  528.807  0x0000001  970.396  0.251  0.013  0.287  200.899  6.264  25112.371  191.597
2989.69  2754.87  25891.420  380.680  0x0000001  959.485  0.297  0.008  0.319  199.627  3.234  25537.760  200.119
5913.09  2779.18  178862.285  2853.019  0x0000001  6628.281  0.107  0.005  0.122  201.358  32.511  177010.997  433.521
445.64  2754.86  nan  nan  0x0000005  nan  0.311  0.061  0.757  199.198  nan  22206.712  166.047
4650.77  2788.76  29358.172  528.671  0x0000001  1087.956  0.322  0.055  0.249  199.671  6.211  29432.658  191.804
5016.91  2817.19  343550.417  3643.872  0x0000001  12731.296  0.091  0.003  0.106  202.351  31.409  344705.044  594.203
2832.27  2795.49  60587.342  1095.169  0x0000001  2245.246  0.184  -0.015  0.194  200.123  11.057  59403.405  268.012
5723.09  2798.93  68345.780  1200.393  0x0000001  2532.759  0.142  0.003  0.163  202.278  13.803  68016.572  287.491
5730.11  2820.70  343015.513  4866.396  0x0000007  12711.473  0.091  0.003  0.103  202.213  55.297  344539.550  596.920
164.12  2795.85  24852.433  580.683  0x0000001  920.982  0.268  -0.012  0.307  198.764  6.353  23611.152  176.372
3119.87  2813.87  62063.979  1103.608  0x0000001  2299.968  0.162  -0.010  0.172  200.261  12.759  61038.896  264.302
5451.09  2810.84  33196.328  644.957  0x0000001  1230.190  0.193  0.000  0.220  199.100  7.715  33105.354  205.756
1545.01  2839.05  154674.393  2610.431  0x0000001  5731.926  0.123  0.001  0.137  201.310  29.535  150272.067  400.559
187.27  2819.41  28210.245  666.015  0x0000001  1045.416  0.336  -0.215  0.492  198.583  8.370  26976.386  180.806
2797.73  2862.54  nan  nan  0x0000005  nan  0.650  0.267  0.218  200.114  nan  68381.895  285.240
3922.54  2913.89  251636.801  3067.666  0x0000001  9325.160  0.103  -0.002  0.115  201.032  22.662  249738.825  508.949
3436.15  2910.53  46241.425  736.812  0x0000001  1713.615  0.176  -0.009  0.200  198.986  6.954  45694.381  233.426
3635.08  2937.14  79859.795  1423.864  0x0000001  2959.445  0.148  -0.013  0.157  199.640  16.570  79109.771  294.476
625.41  2941.55  nan  nan  0x0000005  nan  3.336  0.140  0.177  192.494  nan  1010638.044  1008.808
5541.86  2954.14  177549.759  2791.668  0x0000001  6579.641  0.109  0.004  0.123  200.313  33.013  176458.218  431.041
3973.31  2971.39  176560.301  3777.973  0x0000007  6542.974  0.113  -0.003  0.126  199.772  58.177  176094.313  430.348
882.19  2976.76  8650.793  221.359  0x0000001  320.581  1.774  0.019  2.103  199.317  2.873  8263.660  132.980
5362.56  3007.25  75556.891  1552.698  0x0000001  2799.988  0.142  -0.000  0.160  199.911  22.155  75271.990  289.747
4558.34  3018.64  241451.532  2981.910  0x0000007  8947.714  0.095  0.003  0.114  201.103  38.201  243418.822  500.795
3740.92  2997.78  16779.314  308.875  0x0000001  621.808  0.366  -0.064  0.425  200.208  2.948  16419.732  161.788
625.64  3028.86  79369.413  1340.323  0x0000001  2941.273  0.159  -0.002  0.173  200.554  17.071  76117.565  292.803
3585.66  3049.51  301947.458  4547.873  0x0000007  11189.573  0.096  -0.001  0.110  201.812  66.269  300151.413  556.465
1386.92  3069.02  39228.140  597.119  0x0000001  1453.717  0.201  0.013  0.227  199.912  5.303  38083.838  219.329
1235.74  3071.96  38309.025  786.171  0x0000001  1419.656  0.211  -0.000  0.235  199.629  10.924  36931.222  216.573
6155.58  3062.49  8625.271  141.940  0x0000001  319.635  1.052  -0.315  1.062  200.655  1.252  8674.224  139.742
1174.67  3075.31  14558.312  262.097  0x0000001  539.502  0.473  -0.092  0.481  200.253  2.697  14065.340  155.568
5456.07  3099.95  nan  nan  0x0000005  nan  0.117  -0.102  0.226  197.734  nan  339931.351  587.657
1819.10  3133.61  11767.236  246.501  0x0000001  436.070  0.593  0.001  0.645  200.226  2.296  11545.198  142.284
3533.96  3143.95  17180.191  279.144  0x0000001  636.664  0.373  -0.062  0.379  197.640  2.599  17013.357  155.097
3979.48  3205.48  nan  nan  0x0000005  nan  0.350  -0.032  0.037  205.405  nan  735446.021  864.313
1931.89  3163.68  20114.707  339.980  0x0000001  745.411  0.344  -0.017  0.323  200.194  4.287  19152.096  167.487
2878.07  3184.84  14341.299  383.328  0x0000001  531.460  0.669  -0.312  0.422  199.125  5.605  15135.422  169.399
233.89  3191.19  8432.501  244.259  0x0000001  312.492  1.780  0.012  2.094  199.641  3.639  8022.109  133.187
2597.93  3223.75  148359.613  2311.825  0x0000001  5497.912  0.131  0.001  0.145  201.243  24.930  144358.969  397.707
221.77  3222.09  16352.565  368.225  0x0000001  605.994  0.370  0.011  0.419  199.305  3.943  15638.009  155.806
3326.53  3264.44  50653.725  614.164  0x0000001  1877.126  0.176  -0.004  0.186  199.225  4.989  49513.077  242.599
5445.95  3271.06  30257.910  510.206  0x0000001  1121.298  0.233  -0.001  0.241  199.495  5.593  29567.561  192.647
4512.13  3283.83  nan  nan  0x0000005  nan  0.901  0.217  0.402  199.402  nan  16582.414  153.478
3167.83  3308.30  145811.526  2513.198  0x0000001  5403.485  0.121  0.006  0.133  200.729  30.072  144478.808  392.940
5755.94  3370.07  168968.864  1794.040  0x0000001  6261.650  0.116  0.006  0.130  201.401  12.085  165591.468  417.580
3371.31  3365.28  11048.584  207.291  0x0000001  409.439  0.697  0.132  0.818  199.033  1.751  10733.687  141.754
5194.87  3391.03  31352.139  504.115  0x0000001  1161.848  0.354  0.092  0.245  199.622  5.980  31225.914  198.334
5431.24  3400.19  14015.427  277.579  0x0000001  519.384  0.460  -0.019  0.451  199.787  2.902  13558.942  150.861
5266.99  3442.67  238527.192  3295.784  0x0000001  8839.344  0.101  0.003  0.116  200.375  27.268  237666.219  495.827
5410.95  3421.82  12975.497  229.423  0x0000001  480.846  0.499  0.047  0.476  199.768  1.829  12696.606  146.907
2955.93  3483.42  28738.264  459.501  0x0000001  1064.983  0.401  0.088  0.268  199.664  3.861  27797.182  193.118
5513.10  3491.01  55249.719  986.006  0x0000001  2047.445  0.168  0.003  0.187  199.403  11.806  54413.108  249.023
1433.21  3511.91  nan  nan  0x0000005  nan  0.389  0.172  0.135  200.516  nan  274700.927  534.346
5425.89  3539.15  509759.301  6178.410  0x0000007  18890.667  0.083  0.004  0.097  202.601  46.997  499810.333  713.209
4093.74  3539.29  246902.477  3453.055  0x0000007  9149.715  0.101  0.002  0.119  199.206  40.532  245237.384  504.098
3700.76  3564.19  20074.461  314.963  0x0000001  743.920  0.283  0.000  0.347  200.073  2.293  19869.911  170.683
5814.46  3588.98  85634.493  1299.419  0x0000001  3173.444  0.137  0.006  0.162  199.833  15.814  84144.127  302.348
4071.74  3582.02  14233.565  368.669  0x0000001  527.468  0.321  0.020  0.371  199.330  4.986  15615.117  158.749
4344.49  3583.28  nan  nan  0x0000005  nan  1.056  -0.228  0.666  199.770  nan  10688.388  135.016
2277.83  3634.12  nan  nan  0x0000005  nan  0.265  0.176  0.075  202.089  nan  706272.447  849.314
2275.06  3636.39  nan  nan  0x0000005  nan  0.057  0.084  0.274  202.549  nan  952969.465  983.961
110.78  3632.27  9722.459  216.838  0x0000001  360.295  1.055  0.310  1.071  199.132  1.874  9229.348  134.280
5951.64  3728.52  129407.573  1526.224  0x0000001  4795.588  0.125  0.006  0.140  200.528  12.856  126398.880  367.761
98.97  3711.80  23445.769  510.098  0x0000001  868.854  0.276  -0.001  0.305  197.918  5.535  22286.800  175.664
2418.06  3709.32  11258.008  278.518  0x0000001  417.199  0.988  0.005  0.946  199.843  2.742  10793.598  152.008
5210.09  3760.05  117109.312  1281.434  0x0000001  4339.838  0.124  0.000  0.142  199.900  8.139  115657.449  351.395
2712.26  3818.33  nan  nan  0x0000005  nan  0.092  0.043  0.022  192.894  nan  140200.108  495.199
1737.99  3745.88  10960.184  241.686  0x0000001  406.163  0.651  -0.085  0.726  199.876  2.918  10519.812  141.495
2710.16  3824.89  nan  nan  0x0000005  nan  4.335  0.854  1.474  192.717  nan  148406.196  527.888
4205.42  3885.08  nan  nan  0x0000005  nan  0.753  0.375  0.230  199.979  nan  65190.507  264.701
4263.91  3895.71  8430.775  173.121  0x0000001  312.428  1.930  0.613  1.237  199.197  1.616  8272.610  125.138
5161.86  3924.14  30224.451  537.974  0x0000001  1120.058  0.225  0.002  0.246  199.610  6.683  29262.099  194.069
1279.88  3928.17  8637.449  195.887  0x0000001  320.087  1.782  0.022  2.089  199.735  2.422  8145.688  137.312
3297.28  3958.13  119213.875  2165.946  0x0000001  4417.829  0.131  0.004  0.152  199.667  25.762  115916.866  353.325
1568.77  3976.82  279403.494  4602.227  0x0000007  10354.138  0.100  0.009  0.118  201.827  53.866  273298.895  532.103
5606.26  3974.70  151703.508  1467.350  0x0000001  5621.831  0.118  0.004  0.133  200.885  9.186  147393.761  395.835
5941.05  3984.19  17755.917  639.320  0x0000001  657.999  0.305  -0.075  0.244  199.207  13.243  19505.602  169.866
5519.19  4013.53  36831.600  549.470  0x0000001  1364.906  0.189  0.004  0.225  200.358  5.048  36000.226  213.871
4935.58  4045.60  140653.025  1751.818  0x0000001  5212.322  0.120  0.008  0.126  200.011  16.087  140895.061  385.711
1796.78  4050.62  53870.701  967.311  0x0000001  1996.341  0.170  0.012  0.209  199.635  11.680  51703.842  247.209
3928.22  4223.69  nan  nan  0x0000005  nan  0.125  0.045  0.092  193.264  nan  1063238.450  1034.293
1237.61  4219.68  792150.405  12150.512  0x0000007  29355.520  0.076  0.007  0.092  204.657  140.401  760186.138  878.351
3408.78  4204.13  218987.001  2694.345  0x0000001  8115.223  0.106  0.009  0.125  201.029  17.728  214404.873  472.738
1648.54  4193.75  14208.577  464.485  0x0000001  526.542  0.442  0.039  0.481  198.884  6.445  14033.988  152.241
4189.40  4201.31  18631.393  329.875  0x0000001  690.442  0.304  0.015  0.375  198.088  2.871  18337.614  159.500
5231.30  4244.21  nan  nan  0x0000005  nan  0.032  -0.093  0.145  220.769  nan  433883.472  733.530
1504.77  4266.95  12890.939  376.353  0x0000001  477.713  0.526  0.014  0.636  199.363  6.092  12205.816  147.819
3552.35  4321.71  45415.396  824.194  0x0000001  1683.004  0.182  0.015  0.213  198.870  8.929  44421.641  231.767
4358.56  4359.89  17921.724  378.345  0x0000001  664.143  0.290  0.015  0.356  198.884  5.036  17519.829  163.015
2031.63  4383.88  173926.053  2560.658  0x0000001  6445.354  0.123  0.010  0.148  200.834  27.208  167842.472  425.212
4393.45  4407.90  17500.867  288.251  0x0000001  648.547  0.304  -0.019  0.376  199.636  2.524  17043.570  161.525
4628.14  4443.95  nan  nan  0x0000005  nan  0.182  -0.094  0.191  196.352  nan  332662.333  581.036
3116.52  4476.74  62542.555  1211.384  0x0000001  2317.703  0.156  0.008  0.184  199.726  13.845  61514.230  266.427
4967.20  4463.15  8624.984  207.687  0x0000001  319.625  1.093  0.011  1.692  200.724  2.158  8335.910  130.735
2130.96  4513.94  29452.498  588.767  0x0000001  1091.451  0.254  0.009  0.309  200.532  6.176  28441.107  201.990
3473.71  4545.85  11641.065  277.571  0x0000001  431.395  0.675  0.057  0.688  199.106  2.828  11231.505  143.251
546.47  4601.78  114914.503  2736.072  0x0000007  4258.503  0.140  0.001  0.157  199.687  44.740  109664.854  340.253
2832.59  4623.19  25946.214  440.324  0x0000001  961.515  0.251  0.025  0.280  199.365  3.888  24982.174  185.300
4996.20  4658.54  106519.067  1234.885  0x0000001  3947.385  0.134  0.006  0.154  201.087  10.897  102472.975  332.970
676.16  4686.67  236210.947  4870.280  0x0000007  8753.508  0.110  0.006  0.126  201.906  65.188  223399.510  480.961
5502.93  4696.14  12805.662  281.136  0x0000001  474.552  0.496  -0.005  0.572  200.055  3.219  12464.662  146.404
3946.30  4744.15  115044.974  2073.003  0x0000001  4263.338  0.155  0.023  0.156  196.767  23.246  111480.226  343.646
3982.81  4748.84  44366.708  703.496  0x0000001  1644.142  0.174  0.018  0.194  198.305  6.833  43486.695  219.865
6044.57  4773.91  168500.313  1452.458  0x0000001  6244.287  0.118  0.004  0.132  201.267  8.691  163146.892  413.907
4376.93  4766.33  44392.315  810.199  0x0000001  1645.091  0.185  0.007  0.208  200.317  8.638  42676.870  223.457
5560.77  4895.90  80247.933  1181.644  0x0000001  2973.829  0.152  0.004  0.168  200.184  11.909  77574.176  293.293
50.55  4958.10  47761.723  1087.786  0x0000001  1769.955  0.211  0.005  0.220  199.632  16.008  44782.021  230.673
1521.13  5028.65  20695.409  504.112  0x0000001  766.931  0.317  0.002  0.324  199.514  7.275  19497.417  165.686
1853.56  5025.64  15575.207  421.017  0x0000001  577.186  0.449  -0.005  0.456  196.422  6.393  14777.972  151.435
1993.83  5066.78  53393.349  975.844  0x0000001  1978.651  0.178  -0.003  0.209  197.536  12.211  50644.265  242.827
5823.82  5096.09  332318.982  4847.837  0x0000007  12315.081  0.095  0.005  0.110  202.031  54.278  325630.244  579.013
4184.96  5139.24  514260.567  9637.813  0x0000007  19057.475  0.084  0.007  0.100  200.813  117.445  499754.943  712.519
2567.30  5229.76  562047.562  14020.612  0x0000009  20828.366  0.061  0.034  0.083  203.274  354.259  612141.225  788.183
5029.88  5212.61  166085.804  2411.004  0x0000001  6154.810  0.118  0.004  0.135  199.495  22.024  161225.528  410.723
1205.88  5265.30  19307.743  408.926  0x0000001  715.507  0.339  0.000  0.376  199.694  4.590  18067.555  156.128
3049.21  5746.71  nan  nan  0x0000005  nan  4.166  2.017  0.585  197.600  nan  22574.355  172.320
5789.26  6264.82  nan  nan  0x0000005  nan  0.119  0.101  0.230  199.039  nan  nan  nan
3543.41  6266.46  nan  nan  0x0000005  nan  0.134  0.003  0.282  200.341  nan  nan  nan
946.69  6197.81  17625.508  442.090  0x0000001  653.166  0.335  0.022  0.395  199.489  6.082  16558.163  161.218
4190.18  6194.04  52100.292  1230.928  0x0000001  1930.733  0.141  0.004  0.163  199.897  18.231  55516.006  254.351
3707.30  6067.69  566784.839  7589.682  0x0000007  21003.920  0.075  0.005  0.087  198.886  66.679  576955.002  764.948
2918.14  5917.63  20105.300  365.329  0x0000001  745.062  0.345  0.001  0.316  198.511  3.202  19157.714  159.078
565.03  5912.23  12163.151  408.661  0x0000001  450.742  0.614  -0.002  0.556  199.971  6.761  11330.866  136.443
1314.67  5896.65  137655.044  2398.734  0x0000001  5101.222  0.129  0.006  0.152  200.937  30.465  130407.537  372.493
4292.22  5884.97  287808.643  5991.508  0x0000007  10665.616  0.090  0.005  0.101  200.658  95.181  296406.192  552.038
3738.34  5821.84  76803.840  1630.298  0x0000001  2846.198  0.129  0.002  0.146  200.282  25.842  78757.446  294.700
1927.56  5285.02  17784.397  334.778  0x0000001  659.054  0.325  0.014  0.375  206.854  3.477  16545.285  164.278
982.94  6213.28  50220.138  1078.217  0x0000001  1861.059  0.181  0.015  0.219  199.320  14.985  47246.325  235.279
6140.00  5647.99  165536.307  2095.321  0x0000001  6134.447  0.124  0.003  0.132  200.711  18.905  158863.907  408.416
1045.95  5414.86  29410.994  667.807  0x0000001  1089.913  0.243  0.026  0.273  198.676  8.451  27799.875  182.542
4786.38  5958.11  73027.700  1701.094  0x0000001  2706.261  0.133  -0.004  0.144  199.957  30.501  76833.819  292.640
2293.52  5294.47  15098.340  256.889  0x0000001  559.514  0.471  0.086  0.487  199.041  2.367  14513.550  153.375
3967.44  5956.98  12293.418  306.039  0x0000001  455.570  0.459  -0.001  0.628  198.944  3.742  12569.512  145.851
4838.35  6186.06  119236.324  2134.052  0x0000001  4418.661  0.125  -0.002  0.138  199.998  24.025  120067.006  358.446
3141.88  6055.60  50639.275  954.050  0x0000001  1876.591  0.178  0.015  0.210  200.409  10.857  48613.542  238.199
2242.81  5393.70  16947.506  368.370  0x0000001  628.041  0.369  0.002  0.443  212.728  3.460  16053.481  170.361
4853.62  5471.25  28218.778  575.742  0x0000001  1045.732  0.229  0.012  0.267  199.602  6.460  27379.509  184.987
2498.53  5328.21  7823.178  225.790  0x0000001  289.911  4.000  -0.007  1.543  199.565  2.664  7460.000  122.402
103.23  5738.13  9879.186  296.949  0x0000001  366.103  0.761  -0.067  1.059  198.963  4.202  9222.040  123.192
6234.40  5331.98  8693.989  257.870  0x0000001  322.182  1.082  0.025  1.682  199.351  4.108  9928.919  133.246
5220.29  6104.64  136397.663  1958.978  0x0000001  5054.626  0.124  -0.001  0.139  201.262  19.148  134127.914  378.643
2139.04  6096.64  nan  nan  0x0000005  nan  0.869  0.489  0.315  199.786  nan  35490.455  198.680
2837.12  5266.14  18768.078  446.500  0x0000001  695.508  0.316  0.019  0.355  199.047  5.459  18250.644  161.273
5479.97  5637.84  223099.034  3406.731  0x0000007  8267.607  0.107  0.002  0.120  200.698  41.155  218286.479  477.156
4096.02  5599.51  18517.600  427.653  0x0000001  686.225  0.279  0.017  0.294  199.054  5.892  19310.227  156.150
3637.14  5866.91  15926.593  350.310  0x0000001  590.208  0.326  0.026  0.364  199.661  4.287  16570.173  155.545
4704.27  5387.57  36563.870  723.542  0x0000001  1354.984  0.149  -0.064  0.193  200.127  9.555  38884.817  216.189
5861.82  5286.71  9061.573  345.648  0x0000001  335.804  0.616  0.342  0.958  200.389  7.127  10992.382  137.127
1000.93  6014.06  17633.822  500.096  0x0000001  653.474  0.334  0.001  0.366  199.911  7.421  16900.265  155.026
1391.24  5624.89  44808.561  1149.956  0x0000001  1660.516  0.196  -0.004  0.220  199.480  16.392  42415.615  223.462
1835.23  5513.64  25431.598  550.724  0x0000001  942.444  0.260  0.000  0.292  199.389  6.346  24500.459  182.216
3213.05  5932.68  450004.021  8241.272  0x0000007  16676.255  0.089  0.007  0.105  197.644  93.798  433002.399  663.320
2637.32  5699.63  36788.757  848.315  0x0000001  1363.318  0.210  0.005  0.230  199.533  10.636  35121.977  208.017
4135.23  5689.20  123513.512  2563.869  0x0000009  4577.165  0.118  0.001  0.126  200.001  39.117  126255.653  365.353
1915.85  5375.90  265816.564  5050.555  0x0000007  9850.634  0.107  0.006  0.123  209.451  60.377  253493.430  514.115
