#X Y flux fluxerror type peakval sigx sigxy sigy sky chisqr apphot apphoterr
2531.019  96.365  348533.516  -0.130536897944  0  0  0  0  0  0  0  0  0
2704.245  181.708  24277.445  -0.088768751219  0  0  0  0  0  0  0  0  0
2187.171  220.707  620173.018  -0.081479466977  0  0  0  0  0  0  0  0  0
2569.446  345.137  12325.544  0.5404588444015  0  0  0  0  0  0  0  0  0
3900.557  414.669  229556.623  -0.092142255632  0  0  0  0  0  0  0  0  0
3805.370  429.454  17273.822  0.1513042506229  0  0  0  0  0  0  0  0  0
3438.051  494.085  12959.432  -0.090502132931  0  0  0  0  0  0  0  0  0
2653.528  660.707  108302.556  -0.061350914198  0  0  0  0  0  0  0  0  0
1213.891  864.206  102129.105  -0.078203328940  0  0  0  0  0  0  0  0  0
2568.853  968.849  23648.039  -0.231863109455  0  0  0  0  0  0  0  0  0
1783.217  1081.009  12454.714  -0.134205140365  0  0  0  0  0  0  0  0  0
4342.428  1121.675  31515.625  -0.149319689224  0  0  0  0  0  0  0  0  0
2978.150  1197.919  17233.521  -0.032756357258  0  0  0  0  0  0  0  0  0
1925.598  1421.022  20531.973  -0.090291445453  0  0  0  0  0  0  0  0  0
3312.949  1488.320  27546.069  -0.152987327060  0  0  0  0  0  0  0  0  0
5380.565  1539.513  10741.408  -0.225598877233  0  0  0  0  0  0  0  0  0
4418.276  1576.529  98241.952  -0.063440040707  0  0  0  0  0  0  0  0  0
3490.939  1595.256  20419.462  -0.205046447816  0  0  0  0  0  0  0  0  0
2898.690  1617.424  133191.397  -0.094444123515  0  0  0  0  0  0  0  0  0
2144.126  1647.141  427715.017  -0.103340722859  0  0  0  0  0  0  0  0  0
5616.855  1888.824  22419.300  -0.239497761790  0  0  0  0  0  0  0  0  0
1845.394  1969.710  20912.120  -0.110961686947  0  0  0  0  0  0  0  0  0
4297.042  1978.236  17907.328  -0.017033460693  0  0  0  0  0  0  0  0  0
2138.991  2132.664  8040.031  -0.073066736540  0  0  0  0  0  0  0  0  0
2224.004  2172.821  207266.372  -0.135827213300  0  0  0  0  0  0  0  0  0
4022.541  2187.502  28544.784  0.0247252101662  0  0  0  0  0  0  0  0  0
1836.950  2216.537  299243.433  -0.102916965424  0  0  0  0  0  0  0  0  0
4863.470  2312.774  134910.729  -0.195343879031  0  0  0  0  0  0  0  0  0
876.175  2326.070  13685.997  -0.015925992696  0  0  0  0  0  0  0  0  0
5070.187  2377.240  14464.399  -0.135992110118  0  0  0  0  0  0  0  0  0
3400.688  2406.067  59488.721  0.0122827442344  0  0  0  0  0  0  0  0  0
2780.654  2422.838  11546.614  -0.103808865406  0  0  0  0  0  0  0  0  0
2129.041  2471.267  12781.248  -0.066519235038  0  0  0  0  0  0  0  0  0
3086.446  2504.008  90609.859  -0.086563884200  0  0  0  0  0  0  0  0  0
5598.405  2536.181  7788.810  -0.046352009740  0  0  0  0  0  0  0  0  0
2839.369  2537.117  12121.831  0.0737911371118  0  0  0  0  0  0  0  0  0
3082.811  2563.437  93397.046  -0.038432326854  0  0  0  0  0  0  0  0  0
1281.449  2572.435  22862.730  -0.111642574065  0  0  0  0  0  0  0  0  0
2989.334  2754.672  23152.156  -0.095768458097  0  0  0  0  0  0  0  0  0
445.203  2754.702  25665.215  -0.147569367848  0  0  0  0  0  0  0  0  0
4650.538  2788.492  42646.536  -0.219776376753  0  0  0  0  0  0  0  0  0
2832.546  2795.889  54386.684  -0.046095093670  0  0  0  0  0  0  0  0  0
5730.063  2820.278  340525.236  -0.136890496968  0  0  0  0  0  0  0  0  0
3119.732  2813.707  57418.761  -0.020389514419  0  0  0  0  0  0  0  0  0
1545.016  2839.092  183799.912  -0.150178426594  0  0  0  0  0  0  0  0  0
187.562  2819.833  34319.096  -0.008477379580  0  0  0  0  0  0  0  0  0
2797.423  2862.054  80382.895  -0.001521450193  0  0  0  0  0  0  0  0  0
3921.937  2913.694  352146.049  -0.123856642819  0  0  0  0  0  0  0  0  0
3436.296  2910.003  64647.955  -0.065625422891  0  0  0  0  0  0  0  0  0
3635.160  2937.263  103974.348  -0.073413164256  0  0  0  0  0  0  0  0  0
4558.417  3018.146  260842.795  -0.206164970041  0  0  0  0  0  0  0  0  0
3740.832  2997.499  13652.157  -0.058055157833  0  0  0  0  0  0  0  0  0
625.224  3028.704  87457.243  -0.144648781021  0  0  0  0  0  0  0  0  0
3585.142  3048.880  322565.503  0.0203528695826  0  0  0  0  0  0  0  0  0
1386.805  3069.011  33329.116  -0.117821354408  0  0  0  0  0  0  0  0  0
1235.434  3071.943  27396.370  -0.076399503934  0  0  0  0  0  0  0  0  0
1174.264  3075.604  16123.150  -0.057445815123  0  0  0  0  0  0  0  0  0
5456.015  3099.830  359559.394  -0.125303387622  0  0  0  0  0  0  0  0  0
1819.229  3133.153  24167.502  -0.049346128173  0  0  0  0  0  0  0  0  0
1931.783  3163.299  17234.314  -0.059888654719  0  0  0  0  0  0  0  0  0
2597.834  3223.452  152938.507  -0.110424626338  0  0  0  0  0  0  0  0  0
3167.670  3308.596  142332.444  -0.069523926927  0  0  0  0  0  0  0  0  0
3371.533  3365.582  13406.637  -0.182007616782  0  0  0  0  0  0  0  0  0
5431.512  3400.341  10834.690  -0.091230309778  0  0  0  0  0  0  0  0  0
5266.864  3442.198  269423.743  -0.143955108801  0  0  0  0  0  0  0  0  0
2955.789  3483.823  24416.745  -0.109435942534  0  0  0  0  0  0  0  0  0
1433.507  3511.907  304700.232  0.1458989782148  0  0  0  0  0  0  0  0  0
5425.712  3539.272  499047.124  -0.141314175871  0  0  0  0  0  0  0  0  0
5814.905  3588.920  73550.960  -0.232312929478  0  0  0  0  0  0  0  0  0
98.959  3711.531  23800.852  -0.184538669261  0  0  0  0  0  0  0  0  0
2418.061  3709.797  18486.597  -0.185387320253  0  0  0  0  0  0  0  0  0
5210.112  3760.079  124381.307  -0.282214756174  0  0  0  0  0  0  0  0  0
1738.025  3745.753  13289.290  -0.141437006080  0  0  0  0  0  0  0  0  0
4206.033  3885.305  72662.312  0.2071945369685  0  0  0  0  0  0  0  0  0
4263.775  3895.344  22520.070  -0.162948869190  0  0  0  0  0  0  0  0  0
1279.724  3928.381  10612.310  -0.114583967931  0  0  0  0  0  0  0  0  0
3297.579  3958.276  106027.972  -0.190956401041  0  0  0  0  0  0  0  0  0
5606.276  3974.293  225435.495  -0.229941424438  0  0  0  0  0  0  0  0  0
5519.397  4012.950  35137.166  -0.163372287892  0  0  0  0  0  0  0  0  0
4934.928  4045.073  212684.916  -0.033259340103  0  0  0  0  0  0  0  0  0
1796.547  4050.152  46379.227  -0.176574013902  0  0  0  0  0  0  0  0  0
3928.392  4223.262  1162429.202  -0.230612904692  0  0  0  0  0  0  0  0  0
3408.518  4204.256  210524.334  -0.241392277945  0  0  0  0  0  0  0  0  0
1648.182  4193.434  15873.365  -0.338355009284  0  0  0  0  0  0  0  0  0
4189.775  4201.643  16171.611  -0.240906556671  0  0  0  0  0  0  0  0  0
1504.606  4266.816  12173.521  -0.304184498005  0  0  0  0  0  0  0  0  0
3552.709  4321.360  42850.289  -0.276566932273  0  0  0  0  0  0  0  0  0
4358.144  4359.699  17257.781  -0.244746310835  0  0  0  0  0  0  0  0  0
2031.203  4383.711  162107.769  -0.262952937104  0  0  0  0  0  0  0  0  0
4393.867  4407.685  16861.656  -0.320376240138  0  0  0  0  0  0  0  0  0
4967.450  4463.320  7283.515  -0.282838932140  0  0  0  0  0  0  0  0  0
2130.967  4513.811  24863.963  -0.237928831698  0  0  0  0  0  0  0  0  0
3473.424  4545.647  15225.112  -0.246253909375  0  0  0  0  0  0  0  0  0
3982.548  4748.630  39496.429  -0.189028743205  0  0  0  0  0  0  0  0  0
5560.521  4895.773  76229.615  -0.204355857397  0  0  0  0  0  0  0  0  0
1521.277  5028.247  18329.142  -0.150247638937  0  0  0  0  0  0  0  0  0
1205.720  5265.669  16569.431  -0.158143613709  0  0  0  0  0  0  0  0  0
3707.413  6067.291  1003786.273  -0.200439305969  0  0  0  0  0  0  0  0  0
3967.901  5956.928  23936.960  -0.161417826238  0  0  0  0  0  0  0  0  0
2139.134  6096.218  39112.400  -0.008420428038  0  0  0  0  0  0  0  0  0
4096.059  5598.978  14756.867  0.0254305714450  0  0  0  0  0  0  0  0  0
3637.247  5866.817  12649.573  -0.093211817124  0  0  0  0  0  0  0  0  0
2703.322  182.319  11480.574  -0.274086600331  0  0  0  0  0  0  0  0  0
2186.466  220.495  361282.107  -0.200786434529  0  0  0  0  0  0  0  0  0
2569.587  345.224  31219.653  0.7768902358729  0  0  0  0  0  0  0  0  0
3899.982  414.390  4028052.700  -0.252180609302  0  0  0  0  0  0  0  0  0
3438.102  493.494  5470.747  -0.212879575732  0  0  0  0  0  0  0  0  0
2653.044  661.329  1793533.390  -0.179806744768  0  0  0  0  0  0  0  0  0
1214.477  863.647  971432.857  -0.186111880909  0  0  0  0  0  0  0  0  0
2568.670  968.748  9623.661  -0.622784682540  0  0  0  0  0  0  0  0  0
1925.037  1421.047  125575.188  -0.310908132653  0  0  0  0  0  0  0  0  0
3312.318  1488.485  126065.402  0.0773683065584  0  0  0  0  0  0  0  0  0
5381.097  1539.226  199935.443  -0.569731402251  0  0  0  0  0  0  0  0  0
2899.513  1616.695  60055.048  -0.334228055350  0  0  0  0  0  0  0  0  0
2144.135  1647.212  169281.197  -0.278841806320  0  0  0  0  0  0  0  0  0
1844.287  1970.493  10049.019  -0.425852802117  0  0  0  0  0  0  0  0  0
2138.961  2132.203  28662.523  -0.383768178661  0  0  0  0  0  0  0  0  0
876.300  2325.410  6157.884  -0.037968332939  0  0  0  0  0  0  0  0  0
3400.528  2406.638  416760.611  -0.370824725244  0  0  0  0  0  0  0  0  0
2780.366  2422.719  148355.136  -0.253255403457  0  0  0  0  0  0  0  0  0
2127.735  2470.413  3808.024  -0.248232785735  0  0  0  0  0  0  0  0  0
3085.703  2503.988  495157.860  -0.296606139842  0  0  0  0  0  0  0  0  0
5598.132  2536.328  9729.401  -0.103589862870  0  0  0  0  0  0  0  0  0
3080.750  2565.906  179029.281  -0.685367764111  0  0  0  0  0  0  0  0  0
1281.890  2572.021  195236.872  -0.290252031976  0  0  0  0  0  0  0  0  0
2988.456  2754.299  15865.658  -0.319519530914  0  0  0  0  0  0  0  0  0
443.013  2754.350  20009.824  -0.674316976267  0  0  0  0  0  0  0  0  0
5729.765  2819.258  109173.177  -0.590981631700  0  0  0  0  0  0  0  0  0
3119.448  2813.372  563035.749  -0.063563485123  0  0  0  0  0  0  0  0  0
3740.709  2997.175  26894.852  -0.137364860791  0  0  0  0  0  0  0  0  0
623.410  3028.364  63667.288  -0.613028897887  0  0  0  0  0  0  0  0  0
1386.590  3068.998  13939.696  -0.309829864881  0  0  0  0  0  0  0  0  0
1235.156  3071.926  33804.645  -0.152010973138  0  0  0  0  0  0  0  0  0
5455.736  3099.528  118468.882  -0.510340769270  0  0  0  0  0  0  0  0  0
1931.607  3162.751  49694.602  -0.163333653852  0  0  0  0  0  0  0  0  0
2597.509  3222.716  770703.536  -0.460451425276  0  0  0  0  0  0  0  0  0
3167.082  3309.327  1870090.782  -0.293165706541  0  0  0  0  0  0  0  0  0
2955.503  3484.369  77036.178  -0.298260403801  0  0  0  0  0  0  0  0  0
1433.748  3511.915  1247102.047  0.2965039354482  0  0  0  0  0  0  0  0  0
5425.211  3539.466  2457793.009  -0.466683240521  0  0  0  0  0  0  0  0  0
5814.241  3588.852  271014.673  -0.083021518619  0  0  0  0  0  0  0  0  0
98.935  3711.139  155354.770  -0.581826085320  0  0  0  0  0  0  0  0  0
4205.692  3885.643  236868.275  0.7119512964422  0  0  0  0  0  0  0  0  0
1278.355  3929.171  2911.710  -0.791544439780  0  0  0  0  0  0  0  0  0
3298.165  3958.446  718209.593  -0.509291055139  0  0  0  0  0  0  0  0  0
1796.108  4049.606  630423.055  -0.448856185758  0  0  0  0  0  0  0  0  0
3929.123  4222.456  578017.103  -0.879287383690  0  0  0  0  0  0  0  0  0
3407.297  4204.427  69371.134  -0.852975018693  0  0  0  0  0  0  0  0  0
1649.417  4192.938  124458.777  -0.254472674284  0  0  0  0  0  0  0  0  0
4188.954  4202.018  177658.584  -0.079162035367  0  0  0  0  0  0  0  0  0
1504.218  4266.680  17177.092  -0.797401695257  0  0  0  0  0  0  0  0  0
3551.867  4320.983  522468.761  -0.160728108782  0  0  0  0  0  0  0  0  0
2030.100  4383.499  85244.864  -0.732188203884  0  0  0  0  0  0  0  0  0
4967.984  4463.507  64014.958  -0.710523438522  0  0  0  0  0  0  0  0  0
2130.962  4513.685  11002.069  -0.559309426507  0  0  0  0  0  0  0  0  0
3981.993  4748.355  342249.929  -0.520816226585  0  0  0  0  0  0  0  0  0
5559.813  4895.586  329042.318  -0.622666290921  0  0  0  0  0  0  0  0  0
1521.495  5027.835  46719.660  -0.345943018899  0  0  0  0  0  0  0  0  0
1205.484  5266.043  147744.306  -0.364954392775  0  0  0  0  0  0  0  0  0
2139.250  6095.649  164599.986  -0.020544465740  0  0  0  0  0  0  0  0  0
3637.488  5866.662  5409.109  -0.283336621000  0  0  0  0  0  0  0  0  0
